Latitude, Longitude, Air Quality
55.951763957302,-3.1917902476472,153
55.951651598,-3.191698624502,151
55.95154984754,-3.1916438976608,144
55.951493887829,-3.1916163489348,140
55.951437275592,-3.1915923251742,138
55.951379637974,-3.1915683882471,141
55.951271058642,-3.1915256597934,148
55.951220533411,-3.1915076889975,151
55.951169058252,-3.1914880963451,156
55.951120394613,-3.1914803185991,159
55.95096278358,-3.1915169973815,165
55.950936530657,-3.1915070210401,165
55.950915211079,-3.1914891060225,166
55.950893154379,-3.1914326023105,163
55.950890281813,-3.1913546475764,166
55.950918547086,-3.1912035474781,166
55.950922752997,-3.1911684193785,165
55.950927366851,-3.1911317095126,165
55.950940641313,-3.1910637288848,167
55.950946823451,-3.1910378653438,168
55.950968409955,-3.1909601200998,166
55.951010462418,-3.1907587229547,164
55.951024387787,-3.1906041023979,164
55.951024978711,-3.1905374877011,163
55.95102970635,-3.1904568654815,165
55.951028783134,-3.1904261748598,166
55.95102822408,-3.1904138310885,165
55.951028644047,-3.1904008898896,165
55.95103027588,-3.19038324613,166
55.951039319654,-3.1902956221544,165
55.951041898617,-3.190246150663,166
55.951047236681,-3.1901900259604,165
55.951088037752,-3.1897944776044,162
55.951106644015,-3.1897083750546,166
55.951149144508,-3.1895327465172,166
55.951169339981,-3.1894534651199,166
55.951201836787,-3.1893066348234,167
55.951220097338,-3.1892241546352,167
55.951237592782,-3.1891438470049,166
55.951252284928,-3.1890686467781,166
55.951293486081,-3.1889181410489,165
55.951306891954,-3.1888366347472,166
55.951423174255,-3.1885128368791,167
55.951447389092,-3.1884597142446,166
55.951456943821,-3.1884287269275,167
55.951460367096,-3.1883639369139,167
55.951483408826,-3.1882757096766,166
55.951487664612,-3.1880999855791,166
55.951448560228,-3.188010633264,166
55.951418282745,-3.1879378371071,165
55.951387737881,-3.1878656003441,166
55.951364589802,-3.1878150200079,166
55.95134559848,-3.1877766548553,166
55.951315570832,-3.1877004367828,165
55.95130852234,-3.1876837580559,165
55.95130852234,-3.1876837580553,163
55.95130850297,-3.1876835384893,160
55.951305011951,-3.1876558956949,166
55.95130373506,-3.1876138513751,167
55.951292140685,-3.1875797712324,167
55.951279109116,-3.1874990465685,164
55.951267518705,-3.1874360402694,163
55.951261381597,-3.1873024542061,163
55.951269939877,-3.187231788742,161
55.951274038877,-3.1871786803869,160
55.951266224074,-3.187115768193,157
55.95128659527,-3.187045451397,155
55.951295981653,-3.1869594947962,153
55.951292630472,-3.1867357766149,154
55.951304522456,-3.1862793865846,165
55.951310047401,-3.1861898425896,165
55.951314419953,-3.1860968523131,164
55.951318046948,-3.1860033547839,166
55.951324221193,-3.1859083809513,165
55.951333105744,-3.1858120682247,167
55.951352423001,-3.1856181059076,166
55.951361051315,-3.1855255232884,167
55.951366190762,-3.1853374166624,166
55.951363905499,-3.1852452437259,167
55.95135725812,-3.1851641129397,169
55.951348916367,-3.1850951668079,168
55.951339203462,-3.1850346709897,169
55.951325636295,-3.1849743453472,169
55.951311593264,-3.1849180445117,170
55.951281443259,-3.1848072785294,171
55.951247773488,-3.1847026207551,171
55.951222407406,-3.1846476500432,170
55.951200710204,-3.1846051767667,169
55.951174515804,-3.1845627214052,168
55.951145175582,-3.1845258582825,170
55.951024196901,-3.1844212543576,167
55.950985285653,-3.184392356237,169
55.950947461854,-3.184366644695,169
55.950908091835,-3.1843428141325,168
55.950829952135,-3.1843036527982,170
55.950822677757,-3.1843018883253,170
55.950817106658,-3.1842970648328,169
55.950808801349,-3.1842883548928,170
55.950804601039,-3.1842845385408,169
55.950710148532,-3.1842569680021,168
55.950710148532,-3.1842569680021,168
55.950691062959,-3.1842210454469,169
55.950679349605,-3.1841501729093,170
55.950677414568,-3.1840881536094,169
55.950684264819,-3.1840110475828,170
55.950693913558,-3.1839549954718,170
55.950704173607,-3.1838840695703,169
55.950732355105,-3.1836932060456,169
55.950740455646,-3.1836384323247,169
55.95074369319,-3.1836063028885,171
55.95074369319,-3.1836063028885,171
55.95074369319,-3.1836063028885,171
55.95074369319,-3.1836063028885,171
55.95074369319,-3.1836063028885,171
55.95074369319,-3.1836063028885,170
55.95074369319,-3.1836063028885,171
55.95074369319,-3.1836063028885,170
55.95074369319,-3.1836063028885,170
55.95074369319,-3.1836063028885,170
55.95074369319,-3.1836063028885,170
55.95074369319,-3.1836063028885,171
55.95074369319,-3.1836063028885,172
55.950742612741,-3.1835920779087,172
55.95074054351,-3.1835516411206,172
55.950742683322,-3.1835184706576,172
55.950742683322,-3.1835184706576,172
55.950754018869,-3.1834142620998,172
55.95076273643,-3.1833510300268,171
55.950780912539,-3.1832228231189,174
55.950814780649,-3.183010974422,174
55.950849977999,-3.1827908290845,174
55.950872907418,-3.1825713986323,174
55.950882731262,-3.1825066445269,173
55.950901430875,-3.18242489098,172
55.951032301756,-3.1817087205571,168
55.951044166508,-3.1816183110089,167
55.951071058585,-3.1813542298762,168
55.951093468779,-3.1811884365656,168
55.951110332627,-3.1810977969538,167
55.951130964674,-3.1810146258748,164
55.951154798571,-3.1809137454216,163
55.951181323577,-3.1808064537371,160
55.951258436304,-3.1805233997392,159
55.951282849051,-3.1804335651205,163
55.951318675151,-3.1802785568069,165
55.951339640938,-3.1801846890652,161
55.951358662746,-3.1801029929166,160
55.951395085156,-3.179942503578,161
55.951449992371,-3.1796469788487,171
55.951463326167,-3.1795756268681,172
55.951480711793,-3.1794978397979,171
55.951503007333,-3.1794105353817,171
55.951517906626,-3.1793432153086,173
55.951535797036,-3.1792743488426,173
55.95155275151,-3.1792030022099,172
55.951579890954,-3.1790675229577,172
55.951590087799,-3.179010675553,172
55.951600766805,-3.1789568048408,171
55.951616994138,-3.1788843613631,171
55.951670616536,-3.1786806544965,164
55.951687147982,-3.1786222709275,162
55.951705560682,-3.1785520784702,162
55.951723891704,-3.1784815885142,166
55.951767856841,-3.1783144241875,164
55.951792565393,-3.1782217458865,167
55.951815269798,-3.1781240112968,170
55.951831894357,-3.1780441564397,167
55.951848529043,-3.1779569166254,168
55.95186326749,-3.1778825174454,167
55.951878073358,-3.1778110651424,167
55.951977526946,-3.1774265227521,170
55.951998182187,-3.1773445797349,172
55.952064968153,-3.177089366829,175
55.952093438248,-3.1769849988565,174
55.952112209044,-3.176917905937,177
55.952125669912,-3.176862060843,176
55.952135449912,-3.1768088404641,175
55.952139690613,-3.1767574675576,175
55.952157716986,-3.1766127849213,176
55.952157716986,-3.1766127849213,177
55.952157716986,-3.1766127849213,177
55.952167756082,-3.1765632406728,177
55.952174149158,-3.176539621028,178
55.952184004142,-3.1765169280748,177
55.952190008269,-3.1765025889572,177
55.952225161119,-3.1764175579391,178
55.952251688001,-3.1763553438009,178
55.952251688001,-3.1763553438009,178
55.952251688001,-3.1763553438009,178
55.952251688001,-3.1763553438009,178
55.952251688001,-3.1763553438009,178
55.952251688001,-3.1763553438009,177
55.952251688001,-3.1763553438009,176
55.952251688001,-3.1763553438009,177
55.952251688001,-3.1763553438009,177
55.952251688001,-3.1763553438009,178
55.952251688001,-3.1763553438009,179
55.952270687214,-3.1763001907061,178
55.952273335617,-3.1762853455944,178
55.952275465021,-3.1762577588186,177
55.952293198919,-3.1761695062415,179
55.952348403403,-3.1759713218782,179
55.952361661163,-3.1758223069016,182
55.952361661163,-3.1758223069016,182
55.952361661163,-3.1758223069016,184
55.952361661163,-3.1758223069016,183
55.952361661163,-3.1758223069016,183
55.952361661163,-3.1758223069016,182
55.952361661163,-3.1758223069016,182
55.952361661163,-3.1758223069016,181
55.952361661163,-3.1758223069016,181
55.952361661163,-3.1758223069016,181
55.952360966785,-3.175800271288,182
55.95238660937,-3.1755708887802,183
55.952404745105,-3.1754706891142,180
55.952431301326,-3.1753141411867,179
55.952447776579,-3.1752425451587,178
55.952462065119,-3.1751846659785,176
55.952479381528,-3.1751221396787,176
55.952530276532,-3.174958342339,183
55.952560262969,-3.1748902353399,183
55.952589768175,-3.1748359181745,182
55.952633277615,-3.1747283004956,182
55.952643793569,-3.1746780494793,182
55.952658790519,-3.174612039138,182
55.952673601706,-3.1745430516074,182
55.952671431574,-3.1744323750294,181
55.95266239771,-3.1743970414825,181
55.952643464199,-3.1743401103608,181
55.952623565065,-3.1743048255589,181
55.952603250793,-3.1742758217106,181
55.952581619935,-3.1742556162158,179
55.952559736628,-3.1742363542821,177
55.952474426549,-3.1741651804135,173
55.95236879772,-3.174081042038,165
55.952321972449,-3.1740477749979,163
55.952165999745,-3.1739333511015,176
55.952123757517,-3.1739050989655,180
55.952072747562,-3.1738740602258,182
55.95202439462,-3.1738495362543,183
55.951931875484,-3.1738087182261,180
55.951830622761,-3.1733705279233,176
55.95187693464,-3.1730712839531,181
55.95188186926,-3.1729482768325,188
55.951806306541,-3.1727570254959,191
55.951768023037,-3.1727236381007,189
55.951641711315,-3.1726392872312,185
55.951550565343,-3.1725875360888,184
55.95136109153,-3.1724410135187,176
55.951313294989,-3.172398523575,175
55.951265273641,-3.1723567172977,172
55.951221856816,-3.172321508858,166
55.951176389709,-3.1722860453118,167
55.951036227084,-3.1721821544192,158
55.950987976063,-3.1721510219592,148
55.950939121832,-3.1721249378416,155
55.950794862366,-3.1720820584297,147
55.950733392787,-3.1720860545729,145
55.95068123717,-3.1721082309889,145
55.95063050237,-3.1721323279028,135
55.950583049916,-3.1721788778876,130
55.950541670558,-3.1722298781655,128
55.950501417959,-3.1722826790079,124
55.950461818611,-3.1723562926581,120
55.950424482846,-3.1724375016439,116
55.950391659806,-3.1725238383679,118
55.95036252393,-3.172609318511,123
55.950333475507,-3.1727062681236,132
55.950305794839,-3.1728061082222,139
55.950275723395,-3.1729068016007,139
55.950243473189,-3.173008416574,138
55.950207656867,-3.1731084631985,143
55.950169100209,-3.1732107612147,141
55.950131137538,-3.1733137558099,141
55.95009174842,-3.1734177242691,142
55.950009992189,-3.1736183945536,135
55.949897471055,-3.1738772400189,140
55.94986961039,-3.1739613273775,140
55.949850301462,-3.1740500897494,128
55.949835794606,-3.1741398484821,156
55.949829958019,-3.1742244301747,161
55.949830738018,-3.1743110244981,161
55.949842208912,-3.1743908258621,159
55.949856263931,-3.1744686146678,155
55.94987315392,-3.1745345784187,159
55.94989038098,-3.1746028583065,165
55.949912367659,-3.1746646060088,166
55.950078553817,-3.1749510523416,165
55.950117442149,-3.1750094659507,162
55.950191580065,-3.1751282714301,156
55.950264801008,-3.1752503084319,149
55.95029844608,-3.1753101719247,148
55.950336242523,-3.1753720655965,149
55.950381403681,-3.1754320633587,150
55.950644770987,-3.1757126116272,148
55.95074928338,-3.1758189113636,145
55.950794072038,-3.1758784632567,147
55.950867488635,-3.1759949006513,147
55.950903939288,-3.1760354074501,149
55.950937824524,-3.1760616881016,150
55.950968413231,-3.1760649037274,158
55.950997129102,-3.1760421279141,166
55.951048027079,-3.1759614124255,168
55.951100571563,-3.1758578792044,171
55.951152237052,-3.1757597749839,173
55.951172501776,-3.1757129468485,173
55.951188917533,-3.1756816661417,173
55.951201608295,-3.1756593682572,174
55.951208706254,-3.175649597268,175
55.951208706254,-3.175649597268,176
55.951208706254,-3.175649597268,176
55.951208706254,-3.175649597268,176
55.951208706254,-3.175649597268,176
55.951208706254,-3.175649597268,177
55.951208706254,-3.175649597268,177
55.951208706254,-3.175649597268,177
55.951208706254,-3.175649597268,177
55.951208706254,-3.175649597268,177
55.951208706254,-3.175649597268,178
55.951208706254,-3.175649597268,178
55.951208706254,-3.175649597268,178
55.951208706254,-3.175649597268,178
55.951208706254,-3.175649597268,178
55.951208706254,-3.175649597268,178
55.951208706254,-3.175649597268,178
55.951208706254,-3.175649597268,178
55.951208706254,-3.175649597268,178
55.951208706254,-3.175649597268,178
55.951208706254,-3.175649597268,178
55.951208706254,-3.175649597268,178
55.951208706254,-3.175649597268,178
55.951208706254,-3.175649597268,178
55.951208706254,-3.175649597268,178
55.951208706254,-3.175649597268,178
55.951208706254,-3.175649597268,178
55.951208706254,-3.175649597268,178
55.951208706254,-3.175649597268,178
55.951208706254,-3.175649597268,178
55.951208706254,-3.175649597268,178
55.951208706254,-3.175649597268,178
55.951208706254,-3.175649597268,179
55.951208706254,-3.175649597268,179
55.951208706254,-3.175649597268,179
55.951208706254,-3.175649597268,179
55.951208706254,-3.175649597268,179
55.951208706254,-3.175649597268,179
55.951208706254,-3.175649597268,179
55.951208706254,-3.175649597268,179
55.951208706254,-3.175649597268,179
55.951208706254,-3.175649597268,178
55.951208706254,-3.175649597268,178
55.951208706254,-3.175649597268,178
55.951208706254,-3.175649597268,178
55.951208706254,-3.175649597268,178
55.951208706254,-3.175649597268,178
55.951208706254,-3.1756495972678,178
55.951208706252,-3.1756495972561,178
55.951208706252,-3.1756495972561,178
55.951220829442,-3.1756065194289,179
55.951231757494,-3.1755574417249,180
55.951233837004,-3.175527982005,181
55.951237188336,-3.1754817135872,182
55.951195465293,-3.1752649975961,182
55.951176429342,-3.1752128841654,182
55.951164368328,-3.1751801174719,182
55.951155972678,-3.1751642808208,182
55.951117296736,-3.1751425001708,183
55.951093768625,-3.1751394532838,185
55.951025366146,-3.1751571378589,184
55.950959409706,-3.1751652536923,184
55.95092804414,-3.1751588396417,183
55.950898126159,-3.1751421815296,182
55.950822039399,-3.174822934963,185
55.950835946309,-3.1747682948378,185
55.950853837769,-3.1747155995491,185
55.950870175682,-3.1746749307364,186
55.950895100366,-3.1746277134475,186
55.950890473224,-3.17460710648,189
55.95088542773,-3.174592317022,189
55.950878393618,-3.1745703015399,190
55.950871546545,-3.1745427708605,189
55.950865232918,-3.1745181932421,190
55.950865220134,-3.1745040691203,190
55.950860787931,-3.1744991238658,192
55.950861318253,-3.1745104510958,192
55.950866209461,-3.1745233999001,192
55.950870620825,-3.1745292820808,192
55.950876259706,-3.1745345445887,193
55.950887014104,-3.1745503302698,193
55.950894155408,-3.1745636104869,194
55.95089570403,-3.1745700079302,194
55.950896820078,-3.1745757595602,195
55.950899019093,-3.174586193753,196
55.95090829335,-3.1745987681132,197
55.950914446079,-3.1746047993155,197
55.950953604536,-3.1746286345445,199
55.950963309864,-3.1746303501106,200
55.950972720686,-3.1746296580495,200
55.950977319432,-3.1746278360397,201
55.950977319432,-3.1746278360397,203
55.950977319432,-3.1746278360397,204
55.950977319432,-3.1746278360397,205
55.950977319432,-3.1746278360397,207
55.950977319432,-3.1746278360397,207
55.950977319432,-3.1746278360397,206
55.950977320604,-3.1746278357133,203
55.950977397685,-3.1746278020018,202
55.950990877853,-3.1746362126085,201
55.951006099093,-3.174649613262,204
55.951023792021,-3.1746762527353,205
55.951040695229,-3.1747148089009,203
55.951061590566,-3.1748110479603,201
55.951069472567,-3.1748609493759,198
55.95107767607,-3.1749117525609,191
55.951083762049,-3.1749615787012,188
55.951108708108,-3.1750502964328,191
55.95118359859,-3.1751521436416,183
55.951248257511,-3.1752911178663,187
55.951258699839,-3.1753580053641,195
55.951257263638,-3.175505644014,188
55.951242164159,-3.1755741195041,189
55.951221683263,-3.1756389955111,187
55.95119611526,-3.1756995101029,196
55.951134996635,-3.1758313664532,191
55.951102260035,-3.1759069771923,186
55.951066832341,-3.1759806702272,181
55.951030763597,-3.1760613086588,174
55.950996294804,-3.1761460393016,179
55.950959078798,-3.1762312318062,186
55.950924263165,-3.1763188428393,183
55.950888064049,-3.1764043311775,176
55.950853947908,-3.1764940086427,171
55.950818685207,-3.1765828991818,174
55.950784261734,-3.1766696833704,169
55.950746306847,-3.1767488492802,165
55.950710769656,-3.1768362503477,167
55.950677573504,-3.1769276297973,167
55.950602692374,-3.1771048954346,177
55.950567121171,-3.1771969579772,181
55.950496784556,-3.1774060692689,193
55.950346856361,-3.1778063963995,176
55.950309858483,-3.1779026812578,168
55.950271256954,-3.1779976424661,165
55.950235871602,-3.1780915850598,166
55.95019879143,-3.1781841471265,159
55.950085230716,-3.1784833233254,153
55.949924498027,-3.1789083672883,129
55.949896508145,-3.1790037838736,114
55.949867387236,-3.1791025277824,113
55.949812096544,-3.179300307352,124
55.949745460416,-3.1794740827228,119
55.949680022726,-3.1796600455369,162
55.949676360197,-3.1797007611279,165
55.949676662095,-3.1797336747012,157
55.94966903779,-3.1797628546236,150
55.94965625767,-3.1797946037865,141
55.949644032185,-3.1798383525532,134
55.949627358338,-3.1798908058811,126
55.949604724862,-3.179957937932,124
55.949544097814,-3.1802733629173,122
55.949525511452,-3.1803689224121,134
55.949480869154,-3.1806886296358,148
55.949461528426,-3.1808992514926,149
55.949453331296,-3.1809985257532,151
55.949446650418,-3.1810931883021,152
55.949438822996,-3.1811955388633,148
55.949431389622,-3.1812971988749,146
55.949423196097,-3.1814031431788,141
55.949400417148,-3.1816157200326,125
55.949390061512,-3.1817245808663,123
55.94938322523,-3.1818262171337,135
55.949374067996,-3.1819222602228,147
55.949354670028,-3.1820133607636,141
55.949338886614,-3.1821003942284,149
55.949326103947,-3.182191915325,159
55.949319802912,-3.1823992816289,159
55.949313196255,-3.1825005001627,157
55.949310794538,-3.1825998614945,169
55.949308955026,-3.182697566938,176
55.949305078213,-3.1827874820826,175
55.949302207148,-3.182879181202,174
55.949300839785,-3.1829696379197,169
55.949308023074,-3.1831176921112,167
55.949321754038,-3.1832057648389,177
55.949330103107,-3.1832838833734,179
55.949327024065,-3.1834259619713,185
55.949288095425,-3.1835368653523,194
55.949281480231,-3.1835541502565,195
55.949281480231,-3.1835541502565,195
55.949281480231,-3.1835541502565,196
55.949281480231,-3.1835541502565,196
55.949281480231,-3.1835541502565,196
55.949281480231,-3.1835541502565,197
55.949281480231,-3.1835541502565,197
55.949281480231,-3.1835541502565,198
55.949281480231,-3.1835541502565,199
55.949281480231,-3.1835541502565,200
55.949281480231,-3.1835541502565,200
55.949281480231,-3.1835541502565,200
55.949281480231,-3.1835541502565,200
55.949281480231,-3.1835541502565,200
55.949281480231,-3.1835541502565,200
55.949281480231,-3.1835541502565,201
55.949281480231,-3.1835541502565,201
55.949281480231,-3.1835541502565,201
55.949281480231,-3.1835541502565,201
55.949281480231,-3.1835541502565,201
55.949281480231,-3.1835541502565,206
55.949281480234,-3.1835541502547,202
55.949281482811,-3.1835541460787,199
55.949260516829,-3.183624750937,192
55.949251032591,-3.1836747108331,189
55.94925046045,-3.1837559249634,195
55.949241499871,-3.18383907986,197
55.94922505544,-3.1839119562336,199
55.949205738245,-3.1839905321587,201
55.949187391617,-3.1840700699172,202
55.949172783171,-3.1841518379968,203
55.949161673497,-3.1842315446809,202
55.949147830196,-3.1843085176621,201
55.949114781618,-3.1844643914759,202
55.949093000114,-3.1845451166756,200
55.94908638463,-3.1846340741353,199
55.94908590424,-3.1847217106193,195
55.94907911366,-3.1847996385866,191
55.949073233605,-3.1848783617385,185
55.949071991423,-3.1849683949194,184
55.949071404967,-3.1850637430235,181
55.949068488649,-3.1851611815285,178
55.949045351236,-3.1854295883009,166
55.948894865376,-3.1860722578818,174
55.948795389201,-3.1866134707124,164
55.948771915357,-3.1867138397584,160
55.948696473742,-3.1870964353671,175
55.948685290219,-3.1873744608698,164
55.948682939429,-3.1874644189082,166
55.948675498109,-3.1879982513292,166
55.948673923807,-3.1881051389464,168
55.948667982794,-3.1883964874746,174
55.948602747235,-3.1889568174055,174
55.948586368472,-3.1891369135078,168
55.948582909069,-3.189231693892,160
55.948577863885,-3.1893293059238,166
55.948568432327,-3.1894254424356,170
55.94855901475,-3.1895312846227,171
55.948517384518,-3.1897268592956,166
55.948505408685,-3.1902565458091,186
55.948534446169,-3.1908170669631,179
55.948530929358,-3.1909009337903,183
55.948514086944,-3.191030531093,182
55.948484981632,-3.1912283835083,180
55.948460847286,-3.1913286572435,177
55.94842553315,-3.1914142458816,179
55.948402028858,-3.1915195357338,177
55.948372523957,-3.1916219543854,180
55.948321164309,-3.1917248672476,178
55.948268883884,-3.1918360684023,177
55.948175425683,-3.1921693975586,163
55.948161017485,-3.1922341100925,166
55.94812087153,-3.1924424426954,173
55.948056818855,-3.1927024898939,165
55.948006628458,-3.1928741111677,164
55.947968497232,-3.1930377724398,171
55.947942905022,-3.1932133376204,170
55.947906490744,-3.1934638805569,176
55.947893697267,-3.1935527431944,174
55.947878753392,-3.1936423592469,168
55.947868326763,-3.1938049645473,159
55.947904790343,-3.1941213401294,154
55.947899135555,-3.1941950386979,152
55.947791552549,-3.1946431324665,181
55.947772895315,-3.1947165233423,179
55.947737021886,-3.1948551694706,178
55.947641049987,-3.1951786703533,176
55.947572384582,-3.1954911911285,180
55.947501986989,-3.1957495736006,167
55.947483185321,-3.1958140748364,166
55.947464423992,-3.1958763527986,166
55.947445678777,-3.1959384427451,177
55.947428736941,-3.1959974455613,187
55.947413196536,-3.1960561051695,187
55.947398654045,-3.196114009561,190
55.947383112041,-3.1961699681167,192
55.94736600343,-3.1962174037951,193
55.947331523705,-3.1963045722668,194
55.947331523705,-3.1963045722668,196
55.947331523705,-3.1963045722668,196
55.947331523705,-3.1963045722668,195
55.947331523055,-3.1963045716205,193
55.947331503834,-3.196304537932,190
55.947327560804,-3.1963152692381,188
55.94729338908,-3.1964440491942,180
55.947176837331,-3.1967834235087,175
55.947153773068,-3.1968719770886,177
55.947049878311,-3.1971962454138,180
55.947025137732,-3.1972707904728,182
55.947000313813,-3.197344049348,183
55.946929541846,-3.1975688595021,179
55.946901390045,-3.1976426385668,180
55.946876585312,-3.1977187950346,176
55.946779899063,-3.1980252784365,169
55.946750379443,-3.1980996391706,160
55.946723328227,-3.1981733349561,158
55.946599169247,-3.1985742340644,157
55.946587239152,-3.1986659594927,154
55.946585127363,-3.1987570640464,159
55.946579401379,-3.1989405209863,153
55.946584144544,-3.1990383588992,151
55.946588410416,-3.1991383329021,151
55.9465962381,-3.1992430835927,148
55.946610752719,-3.1994461283303,136
55.946580515301,-3.1998292614058,126
55.946556681831,-3.1999180053557,142
55.946521524668,-3.2000075654453,145
55.946494558198,-3.2001029657516,147
55.946413134327,-3.2002864665666,156
55.946369127341,-3.2003786174735,159
55.946327709462,-3.2004678192672,160
55.946296027096,-3.2005534141388,157
55.946255508657,-3.2006371397792,158
55.946217764093,-3.2007159720489,158
55.946099645178,-3.2008972155755,147
55.946058505806,-3.2009643471125,140
55.94599306628,-3.2011091705016,165
55.945959907618,-3.2012269876043,177
55.945935334876,-3.2012979752162,183
55.945950154794,-3.2013149182739,182
55.945950154794,-3.2013149182739,183
55.945963367518,-3.2013229483073,178
55.945963367518,-3.2013229483073,176
55.945962898509,-3.2013370780822,159
55.945951904099,-3.2014069712736,160
55.945916971638,-3.2015078203972,165
55.945890556853,-3.2016594704491,163
55.945876870195,-3.2017525920947,159
55.945862371505,-3.2018568042869,155
55.945855081655,-3.2019492082467,149
55.945855473753,-3.2020478649721,148
55.94585886395,-3.2021392410939,143
55.945865658701,-3.2022365736145,143
55.945871223708,-3.202330234201,146
55.945875001247,-3.2024159828573,156
55.945878018572,-3.2024960397222,152
55.945879620402,-3.202575004414,155
55.945881744497,-3.2026622245836,155
55.945885074107,-3.2027404401634,157
55.945884099646,-3.2028222508011,160
55.945860694256,-3.2030288891715,164
55.945851923271,-3.2030968177843,168
55.945851923271,-3.2030968177843,176
55.945842544885,-3.203193014748,176
55.945850908265,-3.2032283257439,178
55.945886914419,-3.2032769650326,178
55.945909369503,-3.2032943866277,177
55.94591733481,-3.2033013785473,177
55.94591733546,-3.2033013785544,177
55.945917410269,-3.2033013335074,176
55.945965611836,-3.2033128404996,173
55.945988219224,-3.2033034593988,171
55.946014322496,-3.2032859360611,166
55.946065661117,-3.2032275266908,163
55.946100727475,-3.2031874035963,164
55.946144477416,-3.2031373773612,160
55.946190536614,-3.2030808423627,158
55.946279313884,-3.2029675475418,162
55.946368990567,-3.2028474402817,164
55.946416553354,-3.2027879253928,160
55.946520912311,-3.2026797801068,163
55.946722327655,-3.2024474815836,157
55.947107568299,-3.2019896096331,157
55.947176354269,-3.2018981643509,168
55.947203096528,-3.2018595509936,171
55.94725855275,-3.2017801243592,179
55.94725855275,-3.2017801243592,179
55.94725855275,-3.2017801243592,178
55.94725855275,-3.2017801243592,176
55.94725855275,-3.2017801243592,175
55.94725855275,-3.2017801243592,174
55.947258552753,-3.2017801243599,172
55.947258552969,-3.2017801247283,168
55.947264021891,-3.2017790907626,159
55.947272759037,-3.2017773746626,153
55.947286216417,-3.2017692097046,151
55.947306484725,-3.2017546291225,144
55.947330747531,-3.2017268086998,139
55.947364142091,-3.201692741775,133
55.94740454681,-3.2016530513421,126
55.947537741257,-3.2014750141776,140
55.947596617191,-3.2013027351851,166
55.947617156891,-3.2012108316268,174
55.947631561329,-3.2010227711221,176
55.947621366082,-3.2007093446394,175
55.947610558989,-3.2005077073484,175
55.94760627571,-3.2004056092549,173
55.947607537218,-3.2003051594362,173
55.947599388885,-3.1999959019791,169
55.947598775927,-3.1998928976108,167
55.947592388729,-3.1996942775628,160
55.94759196874,-3.1995958908203,155
55.947595354479,-3.1994956512172,149
55.947602186034,-3.1993937797415,147
55.94761384079,-3.1992955173708,144
55.947673374347,-3.1990117042444,131
55.947696109415,-3.1989238625351,134
55.947717943675,-3.1988356691155,137
55.947739675445,-3.1987519782197,141
55.947789798713,-3.1985921451742,138
55.94781862826,-3.1985107507038,144
55.947882439013,-3.1983434575594,150
55.947913442236,-3.1982577814466,151
55.94794234194,-3.1981668785249,150
55.947997809851,-3.1979843561451,153
55.94802369656,-3.1978954960517,155
55.948047763815,-3.1978061665517,153
55.948088515056,-3.1976236889562,155
55.948106737656,-3.1975359928662,154
55.948123282547,-3.1974449535562,153
55.948140015977,-3.1973568211153,153
55.94815596193,-3.1972683907511,152
55.948183400171,-3.1970832683977,151
55.948193897878,-3.1969889424231,151
55.948201864826,-3.1968982945863,152
55.948220091547,-3.1967242029254,163
55.948231947709,-3.1966406026728,166
55.948244823125,-3.1965590428627,170
55.948303981607,-3.1962649578075,172
55.948325580236,-3.1961411022332,172
55.94832265472,-3.1960944729853,171
55.948319009369,-3.1960586431758,172
55.94831468925,-3.1960359571953,172
55.948308808455,-3.1960300554499,173
55.948300530999,-3.1960212677134,173
55.948300530999,-3.1960212677134,174
55.948300530999,-3.1960212677134,175
55.948300530999,-3.1960212677134,176
55.948300530999,-3.1960212677134,176
55.948300530999,-3.1960212677134,176
55.948300530999,-3.1960212677134,176
55.948300530999,-3.1960212677134,176
55.948300530999,-3.1960212677134,176
55.948300530999,-3.1960212677134,175
55.948300530999,-3.1960212677134,175
55.948300530999,-3.1960212677134,175
55.948300530999,-3.1960212677134,175
55.948300530999,-3.1960212677134,175
55.948300530999,-3.1960212677134,175
55.948300530999,-3.1960212677134,175
55.948300530999,-3.1960212677134,175
55.948300530999,-3.1960212677134,175
55.948300530999,-3.1960212677134,176
55.948300530999,-3.1960212677134,176
55.948300530999,-3.1960212677134,175
55.948300530999,-3.1960212677134,175
55.948300530999,-3.1960212677134,174
55.948300530999,-3.1960212677134,174
55.948300530999,-3.1960212677134,173
55.948300530998,-3.1960212677135,173
55.94830052751,-3.1960212674919,173
55.94830144152,-3.1960080078613,171
55.948306544262,-3.195967647134,170
55.948356693553,-3.1958529580658,167
55.948377072228,-3.1957992725119,164
55.948400916559,-3.1957376990046,160
55.948429330109,-3.1956598363003,157
55.948485967534,-3.195489069705,164
55.948616544526,-3.1949592246977,172
55.948657350874,-3.1947897136833,171
55.948807403982,-3.1944832021099,171
55.948837365082,-3.194441335731,171
55.948868051133,-3.1944115139342,172
55.949066218177,-3.1943326076527,179
55.949128162871,-3.1943239358235,179
55.94918123384,-3.194300205556,179
55.949226214359,-3.1941922692237,178
55.949232824476,-3.1941528927776,178
55.949285260483,-3.1939125543732,176
55.949347767987,-3.1937307158129,176
55.94936023659,-3.1936878724704,177
55.949372330467,-3.1936422591231,177
55.949386030732,-3.1935995202518,176
55.949401271878,-3.1935586262421,175
55.949409155626,-3.1935254880258,175
55.949414685387,-3.1935077064011,177
55.949420096573,-3.1935008916752,177
55.949424259741,-3.1935059289225,177
55.949434455239,-3.1935225209761,177
55.949446021405,-3.1935452911626,177
55.949450522258,-3.1935569741691,177
55.949469389033,-3.1935750744388,177
55.949473274968,-3.1935780649419,177
55.949476806523,-3.1935802830413,177
55.94947865947,-3.1935852467746,176
55.949478597888,-3.1935870677252,175
55.949478936274,-3.1935922248841,176
55.949479392269,-3.1935936029862,178
55.949479662646,-3.1935951321172,179
55.949480791538,-3.1935967396464,179
55.949480773518,-3.193596761547,179
55.949481054859,-3.1935969268207,179
55.949481862242,-3.1935971360262,179
55.949486635186,-3.1935948897613,180
55.949487342904,-3.1935940085264,180
55.949488926685,-3.1935910534134,180
55.949489468059,-3.1935906218314,180
55.949492368349,-3.1935929551709,180
55.949493648067,-3.1935948262201,180
55.949492286772,-3.1935949065036,180
55.949493297522,-3.1935835690901,180
55.949496119882,-3.1935812501758,180
55.949503438344,-3.1935900564737,181
55.949501699631,-3.1935961120072,181
55.949503974007,-3.1936005510427,181
55.949506553324,-3.1936058947847,181
55.949509196381,-3.1936114702793,181
55.949511577319,-3.1936159521714,181
55.949513774047,-3.1936186290725,181
55.949515587967,-3.1936194440143,181
55.949517199175,-3.1936194068771,181
55.949518964179,-3.1936192281782,182
55.949519987779,-3.1936196928938,182
55.949520435731,-3.1936157817092,182
55.949520156203,-3.1936151518729,183
55.949519394009,-3.1936149213953,183
55.949516889374,-3.1936150764126,183
55.949515015576,-3.1936150032133,183
55.949512600414,-3.1936148395115,183
55.949501447854,-3.1936124765016,183
55.949498957722,-3.1936119554295,184
55.949496720388,-3.1936115296361,184
55.949492355266,-3.1936108261866,184
55.94949014727,-3.1936107244884,184
55.94947985857,-3.1936105585849,184
55.949477465574,-3.1936111453739,184
55.949475083526,-3.1936123997333,185
55.949472600486,-3.1936134491763,184
55.949469859119,-3.1936135513799,184
55.949467494442,-3.1936128415629,185
55.949464701342,-3.1936174513457,185
55.949465199717,-3.1936214612081,185
55.949466200262,-3.1936257162715,185
55.949468687958,-3.1936286803141,186
55.949473330791,-3.1936299828252,186
55.949475298367,-3.1936262642186,187
55.949473693437,-3.1936256273681,187
55.94947274741,-3.193625781711,187
55.949473235965,-3.1936279543313,187
55.949486968575,-3.1936259912996,188
55.949487328664,-3.1936248626041,189
55.949487187188,-3.1936230467215,189
55.949486232412,-3.1936223752727,190
55.94948420728,-3.1936216073389,190
55.949483138147,-3.1936222378475,190
55.949481961782,-3.1936236630538,190
55.949482080935,-3.1936254843938,190
55.949481963588,-3.1936261943537,190
55.949482419038,-3.193626940783,190
55.94948358769,-3.1936274216366,190
55.949484811209,-3.193627511817,190
55.94948641353,-3.193627216785,190
55.94948174103,-3.1936261197114,190
55.949481999605,-3.1936280405845,190
55.949482157496,-3.1936293463825,190
55.949481353502,-3.1936296401326,189
55.949476935212,-3.1936305434695,188
55.949470555904,-3.1936311003943,188
55.94946673854,-3.193631075564,187
55.949462727132,-3.1936306971734,187
55.94945739406,-3.1936297449504,186
55.949447556735,-3.1936274825649,185
55.949429649072,-3.1936267312197,183
55.949419549834,-3.1936286374663,183
55.949403835124,-3.1936339217271,182
55.949395347043,-3.1936564249657,183
55.949395347043,-3.1936564249657,182
55.949395347043,-3.1936564249657,182
55.949395347043,-3.1936564249657,182
55.949395347043,-3.1936564249657,182
55.949395347043,-3.1936564249657,182
55.949395347043,-3.1936564249657,182
55.949395347043,-3.1936564249657,182
55.949395347043,-3.1936564249657,183
55.949395347043,-3.1936564249657,183
55.949433348696,-3.1936748162791,184
55.949470102626,-3.1936947507905,184
55.949602463253,-3.1937113351553,184
55.949602463253,-3.1937113351553,184
55.949602463253,-3.1937113351553,184
55.949602463253,-3.1937113351553,184
55.949605737436,-3.1937022850726,185
55.949588181044,-3.1936948231177,185
55.949570167772,-3.1936881038263,185
55.949544496993,-3.1936327646111,185
55.949544496993,-3.1936327646111,185
55.949544496993,-3.1936327646111,185
55.949544496993,-3.1936327646111,185
55.949544496993,-3.1936327646111,185
55.949544496993,-3.1936327646111,185
55.949544496993,-3.1936327646111,185
55.949345641691,-3.1937399483386,185
55.949345641691,-3.1937399483386,185
55.949345641691,-3.1937399483386,185
55.949345641691,-3.1937399483386,185
55.949345641691,-3.1937399483386,185
55.949345641691,-3.1937399483386,186
55.949345641691,-3.1937399483386,186
55.949345641691,-3.1937399483386,187
55.949345641691,-3.1937399483386,186
55.949345641691,-3.1937399483386,187
55.949366697284,-3.1934885000144,186
55.949366697284,-3.1934885000144,186
55.949366697284,-3.1934885000144,186
55.949366697284,-3.1934885000144,186
55.949366697284,-3.1934885000144,187
55.949366697284,-3.1934885000144,187
55.949366697284,-3.1934885000144,187
55.949366697284,-3.1934885000144,187
55.949366697284,-3.1934885000144,187
55.949366697284,-3.1934885000144,187
55.949366697284,-3.1934885000144,187
55.949366697284,-3.1934885000144,188
55.949366697284,-3.1934885000144,188
55.949366697284,-3.1934885000144,189
55.949366697284,-3.1934885000144,189
55.949366697284,-3.1934885000144,189
55.949366697284,-3.1934885000144,190
55.949366697284,-3.1934885000144,191
55.949366697284,-3.1934885000144,192
55.949366697284,-3.1934885000144,191
55.949366697284,-3.1934885000144,192
55.949366697284,-3.1934885000144,191
55.949366697284,-3.1934885000144,191
55.949366697284,-3.1934885000144,191
55.949366697284,-3.1934885000144,190
55.949366697284,-3.1934885000144,190
55.949366697284,-3.1934885000144,190
55.949366697284,-3.1934885000144,190
55.949366697284,-3.1934885000144,190
55.949366697284,-3.1934885000144,190
55.949366697284,-3.1934885000144,190
55.949366697284,-3.1934885000144,191
55.949366697284,-3.1934885000144,190
55.949366697284,-3.1934885000144,190
55.949345240274,-3.1933562561954,190
55.94930376562,-3.1931545769273,192
55.949437545617,-3.1927006219921,192
55.949505304537,-3.1926571939843,192
55.949521269765,-3.1926389901378,192
55.949521269765,-3.1926389901378,195
55.949521269765,-3.1926389901378,195
55.949521269765,-3.1926389901378,195
55.949521269765,-3.1926389901378,193
55.949521269765,-3.1926389901378,192
55.949521269765,-3.1926389901378,191
55.949521269765,-3.1926389901378,192
55.949521269765,-3.1926389901378,193
55.949521269765,-3.1926389901378,193
55.949521269765,-3.1926389901378,193
55.949521269765,-3.1926389901378,196
55.949521269765,-3.1926389901378,197
55.949521269765,-3.1926389901378,196
55.949521269765,-3.1926389901378,195
55.949521269765,-3.1926389901378,193
55.949521269765,-3.1926389901378,191
55.949521269765,-3.1926389901378,190
55.949521269765,-3.1926389901378,187
55.949521269765,-3.1926389901378,190
55.949601131795,-3.1926454053042,193
55.949623964914,-3.1926462482161,195
55.94969599815,-3.1926540324103,200
55.94969599815,-3.1926540324103,199
55.94969599815,-3.1926540324103,199
55.94969599815,-3.1926540324103,203
55.94969599815,-3.1926540324103,204
55.94969599815,-3.1926540324103,205
55.94969599815,-3.1926540324103,206
55.94969599815,-3.1926540324103,207
55.94969599815,-3.1926540324103,207
55.94969599815,-3.1926540324103,208
55.94969599815,-3.1926540324103,209
55.94969599815,-3.1926540324103,210
55.94969599815,-3.1926540324103,210
55.94969599815,-3.1926540324103,211
55.94969599815,-3.1926540324103,211
55.94969599815,-3.1926540324103,212
55.94969599815,-3.1926540324103,214
55.94969599815,-3.1926540324103,214
55.94969599815,-3.1926540324103,215
55.94969599815,-3.1926540324103,211
55.94969599815,-3.1926540324103,209
55.949707382358,-3.1926570872368,207
55.949750142417,-3.1926801004246,198
55.949785107568,-3.1927031484964,192
55.949827402971,-3.1927277995821,186
55.949869851567,-3.1927527612443,180
55.949913139829,-3.1927778328155,182
55.949999697326,-3.1928382833399,178
55.950084814069,-3.1930414433673,192
55.950035332539,-3.1937023784451,172
55.950023337338,-3.1937996743722,166
55.950014368461,-3.1938820915926,165
55.950007991453,-3.1939481817654,167
55.950016295333,-3.1940695527262,164
55.950020637184,-3.1941291990436,164
55.95004092868,-3.1943010665309,186
55.950052653142,-3.1943933487895,184
55.950096330109,-3.1945448092091,167
55.950119265979,-3.1946155011728,152
55.950138704803,-3.1946773359557,154
55.950160380265,-3.1947505415351,147
55.950182598791,-3.1948256024504,140
55.95020696176,-3.1949156003864,133
55.950217792101,-3.1950024519817,148
55.950223841136,-3.1950881547541,158
55.950225755606,-3.1951724465784,167
55.950224163254,-3.195249369334,170
55.950221901557,-3.1953254862601,178
55.950214783138,-3.1955455236405,174
55.950214240678,-3.1956080815556,171
55.950225126849,-3.1956767216806,174
55.950252039492,-3.1957724545306,152
55.950277825767,-3.1958080363882,145
55.950308366061,-3.1958451172288,159
55.950345295653,-3.1958670902543,170
55.950389447508,-3.1958912722111,171
55.950481275664,-3.1959496625751,174
55.950530638383,-3.1959824454053,176
55.950741431489,-3.1961036932488,182
55.950847294043,-3.1961575863399,169
55.950902106916,-3.1961893452167,167
55.95095858111,-3.1962271765732,159
55.951014845327,-3.1962647785189,155
55.951184697507,-3.1963869155477,158
55.951239796701,-3.1964304849649,163
55.95152385694,-3.1966404836483,198
55.951589141249,-3.1966859151337,196
55.951648699607,-3.196726245442,195
55.951703572332,-3.1967613004466,197
55.95184672604,-3.1968164130125,195
55.951890583169,-3.1967850869134,192
55.95209809022,-3.196587283083,173
55.95212455077,-3.1965663828564,172
55.952291327753,-3.1965642520326,198
55.952299693062,-3.1965737828589,210
55.952299693062,-3.1965737828589,213
55.952299693062,-3.1965737828589,214
55.952299693062,-3.1965737828589,213
55.952299693062,-3.1965737828589,214
55.952299693062,-3.1965737828589,214
55.952299693062,-3.1965737828589,215
55.952299693062,-3.1965737828589,215
55.952299693062,-3.1965737828589,216
55.952299693062,-3.1965737828589,217
55.952299693062,-3.1965737828589,218
55.952299693062,-3.1965737828589,220
55.952299693062,-3.1965737828589,220
55.952299693062,-3.1965737828589,220
55.952299693062,-3.1965737828589,221
55.952299693062,-3.1965737828589,222
55.952299693062,-3.1965737828589,223
55.952299693062,-3.1965737828589,224
55.952299693062,-3.1965737828589,224
55.952299693062,-3.1965737828589,225
55.952299693062,-3.1965737828589,226
55.952299693062,-3.1965737828589,227
55.952299693062,-3.1965737828589,227
55.952299693062,-3.1965737828589,229
55.952299693062,-3.1965737828589,230
55.952299693062,-3.1965737828589,231
55.952299693062,-3.1965737828589,236
55.952299693062,-3.1965737828589,237
55.952299693062,-3.1965737828589,239
55.952299693062,-3.1965737828589,241
55.952299693062,-3.1965737828589,242
55.952299693062,-3.1965737828589,240
55.952299693062,-3.1965737828589,227
55.952405560097,-3.1966311235731,175
55.952458187167,-3.196659105654,179
55.952507757909,-3.196684258201,179
55.952556729074,-3.1967074296921,181
55.952656451252,-3.1967569994708,184
55.952773884832,-3.1968211114495,188
55.952924136973,-3.1968811606884,182
55.952969995512,-3.196890367768,182
55.953055254488,-3.196901719927,182
55.953093339256,-3.1968969183293,183
55.953161621951,-3.1969308997188,180
55.953194374184,-3.1969528103947,178
55.953234194301,-3.1969731351872,180
55.953286134251,-3.1970037150092,179
55.953336247447,-3.1970203570842,175
55.953391000859,-3.1970485984524,168
55.953535037884,-3.1971298209207,169
55.953618652935,-3.1971992382585,176
55.953835647505,-3.1973542648699,194
55.953902391227,-3.197386417476,197
55.953971303887,-3.1974394718382,197
55.953971303887,-3.1974394718382,196
55.953971303887,-3.1974394718382,197
55.953971303887,-3.1974394718382,197
55.953971303887,-3.1974394718382,197
55.953971303887,-3.1974394718382,197
55.953971303887,-3.1974394718382,197
55.953971303887,-3.1974394718382,202
55.953971303887,-3.1974394718382,205
55.953971303887,-3.1974394718382,204
55.953971303887,-3.1974394718382,204
55.953971303887,-3.1974394718382,204
55.953971303887,-3.1974394718382,203
55.953971303887,-3.1974394718382,203
55.953971303887,-3.1974394718382,204
55.953971303887,-3.1974394718382,204
55.953971303887,-3.1974394718382,202
55.953971303887,-3.1974394718382,202
55.953971303887,-3.1974394718382,202
55.953971303887,-3.1974394718382,203
55.953971303887,-3.1974394718382,203
55.953971303887,-3.1974394718382,199
55.953971303887,-3.1974394718382,200
55.953971303887,-3.1974394718382,197
55.953971303887,-3.1974394718382,193
55.953971303887,-3.1974394718382,194
55.953971303887,-3.1974394718382,194
55.953971303887,-3.1974394718382,200
55.953983478363,-3.1974496864676,199
55.953996129897,-3.1974600613408,199
55.954012591044,-3.1974706593053,196
55.954041072506,-3.1974790348645,193
55.954067055773,-3.1974828517194,190
55.954163139552,-3.1975204734823,191
55.954191939986,-3.1975374366533,187
55.954225494501,-3.1975525578515,188
55.954355765053,-3.1976107366254,185
55.954492904925,-3.197679281524,192
55.954832595573,-3.1978615618847,203
55.9548746982,-3.1978898309528,202
55.954902952154,-3.197928619088,202
55.954925989334,-3.1979680019288,202
55.954941677089,-3.1980578303363,203
55.954939907278,-3.198124102847,207
55.954928204624,-3.1983924687939,210
55.954922595816,-3.1984296155488,209
55.95488778009,-3.1984801129321,210
55.95488778009,-3.1984801129321,210
55.95488778009,-3.1984801129321,209
55.95488778009,-3.1984801129321,206
55.95488778009,-3.1984801129321,204
55.95488778009,-3.1984801129321,205
55.95488778009,-3.1984801129321,207
55.95488778009,-3.1984801129321,209
55.95488778009,-3.1984801129321,209
55.95488778009,-3.1984801129321,209
55.95488778009,-3.1984801129321,208
55.95488778009,-3.1984801129321,208
55.95488778009,-3.1984801129321,208
55.95488778009,-3.1984801129321,208
55.95488778009,-3.1984801129321,209
55.95488778009,-3.1984801129321,209
55.95488778009,-3.1984801129321,210
55.95488778009,-3.1984801129321,210
55.95488778009,-3.1984801129321,211
55.95488778009,-3.1984801129321,211
55.95488778009,-3.1984801129321,211
55.95488778009,-3.1984801129321,212
55.95488778009,-3.1984801129321,212
55.95488778009,-3.1984801129321,214
55.95488778009,-3.1984801129321,215
55.95488778009,-3.1984801129321,215
55.95488778009,-3.1984801129321,217
55.95488778009,-3.1984801129321,218
55.95488778009,-3.1984801129321,218
55.95488778009,-3.1984801129321,219
55.95488778009,-3.1984801129321,219
55.95488778009,-3.1984801129321,221
55.95488778009,-3.1984801129321,221
55.95488778009,-3.1984801129321,221
55.95488778009,-3.1984801129321,221
55.95488778009,-3.1984801129321,220
55.95488778009,-3.1984801129321,217
55.95488778009,-3.1984801129321,214
55.95488778009,-3.1984801129321,213
55.95488778009,-3.1984801129321,219
55.95488778009,-3.1984801129321,214
55.95488778009,-3.1984801129321,211
55.95488778009,-3.1984801129321,208
55.95488778009,-3.1984801129321,201
55.95488778009,-3.1984801129321,191
55.954885322844,-3.1985013994014,185
55.954880369386,-3.1985257705836,180
55.954872274877,-3.198571079267,188
55.954862714499,-3.1986325535757,202
55.954849586737,-3.1987125953092,199
55.954835292723,-3.1987963489598,202
55.954799926926,-3.1989964186801,185
55.954727962145,-3.1994113718784,190
55.954709452918,-3.1995119310258,194
55.954691565539,-3.1996135235755,195
55.954672879412,-3.1997184532161,190
55.954653057394,-3.1998310401651,185
55.954635701018,-3.1999470792691,179
55.954618293327,-3.2000535697883,181
55.954524281923,-3.200720966085,176
55.954479257472,-3.2010407227312,196
55.954463008585,-3.2011382331434,190
55.954443191853,-3.2012522892967,186
55.954408604873,-3.2014733773369,175
55.954392932886,-3.2015874498928,174
55.954376213268,-3.2016926084199,169
55.954182664648,-3.2027791389373,192
55.954152647895,-3.202925929064,201
55.954144220604,-3.2029666443546,196
55.954139073861,-3.2029927666908,191
55.954135611292,-3.2030070712204,189
55.954130958253,-3.2030457986064,187
55.95411355443,-3.20316256401,178
55.954098752953,-3.2032469778252,191
55.954082819128,-3.2033384722412,188
55.954052208934,-3.2035251797805,173
55.954036891106,-3.203622937639,168
55.954020515483,-3.2037264953751,182
55.954005309149,-3.20382689294,180
55.953989785292,-3.2039376365118,194
55.953937012492,-3.2042585698149,201
55.953916343912,-3.2043552681321,199
55.953859107623,-3.2046776912692,196
55.953844833848,-3.2047861155976,196
55.953833593259,-3.2048808318603,197
55.953824078289,-3.2049656115718,197
55.95381535523,-3.2050401921691,193
55.953807575945,-3.2051019678119,193
55.953798659225,-3.2051520609584,190
55.953760531763,-3.2054302686942,167
55.95373343892,-3.205660372657,141
55.953693950353,-3.2059129963705,129
55.95366297704,-3.2061061154612,114
55.953646645411,-3.2062178826908,98
55.953584250062,-3.2065997267666,130
55.953510758475,-3.2069960470272,174
55.953494664426,-3.2071147491508,187
55.953455199646,-3.2073061726689,189
55.953363597971,-3.207453326128,195
55.953324624178,-3.2074605410291,203
55.953287714081,-3.2074486501607,206
55.953287714081,-3.2074486501607,206
55.953223688223,-3.2074185911919,208
55.953199009718,-3.2074008241576,208
55.953186906692,-3.2073928125523,207
55.953170319531,-3.2073837670097,207
55.953170319531,-3.2073837670097,208
55.953170319531,-3.2073837670097,208
55.953170319531,-3.2073837670097,208
55.953170319531,-3.2073837670097,208
55.953170319531,-3.2073837670097,208
55.953170319531,-3.2073837670097,209
55.953170319531,-3.2073837670097,208
55.953170319531,-3.2073837670097,208
55.953170319531,-3.2073837670097,214
55.953170319531,-3.2073837670097,212
55.953170319531,-3.2073837670097,211
55.953170319531,-3.2073837670097,210
55.953170319531,-3.2073837670097,212
55.953170319531,-3.2073837670097,212
55.953170319531,-3.2073837670097,212
55.953170319531,-3.2073837670097,212
55.953170319531,-3.2073837670097,213
55.953170319531,-3.2073837670097,213
55.953170319531,-3.2073837670097,213
55.953170319531,-3.2073837670097,213
55.953170319531,-3.2073837670097,212
55.953170319531,-3.2073837670097,212
55.953170319531,-3.2073837670097,211
55.953170319531,-3.2073837670097,211
55.953170319531,-3.2073837670097,211
55.953170319531,-3.2073837670097,209
55.953170319531,-3.2073837670097,210
55.953170319531,-3.2073837670097,209
55.953170319531,-3.2073837670097,207
55.953170319531,-3.2073837670097,209
55.953170319531,-3.2073837670097,210
55.953170319531,-3.2073837670097,209
55.953170319531,-3.2073837670097,208
55.953170319531,-3.2073837670097,202
55.953170319531,-3.2073837670097,203
55.953170319533,-3.2073837670058,203
55.953170287199,-3.2073837383282,204
55.953147231264,-3.2073703256516,203
55.953129026512,-3.207358491067,207
55.953062483092,-3.2073240372985,213
55.952980833271,-3.2072814037136,212
55.952885921307,-3.2072209114897,210
55.952732888827,-3.2071146507677,214
55.9526025381,-3.2070871656265,215
55.952552487945,-3.2071270932724,213
55.952541072671,-3.2071580615507,215
55.952529915887,-3.2072449583485,218
55.952529915887,-3.2072449583485,218
55.952529915887,-3.2072449583485,218
55.952529915887,-3.2072449583485,218
55.952529915887,-3.2072449583485,218
55.952529915887,-3.2072449583485,218
55.952529915887,-3.2072449583485,217
55.952529915887,-3.2072449583485,216
55.952529915887,-3.2072449583485,216
55.952529915887,-3.2072449583485,214
55.952529915887,-3.2072449583485,211
55.952529915887,-3.2072449583485,210
55.952529915887,-3.2072449583485,213
55.952529915887,-3.2072449583485,215
55.952529915887,-3.2072449583485,216
55.952529915887,-3.2072449583485,214
55.952529915887,-3.2072449583485,217
55.952529915887,-3.2072449583485,218
55.952529915887,-3.2072449583485,218
55.952529915887,-3.2072449583486,216
55.95252991589,-3.2072449583563,215
55.952529949356,-3.2072450147973,213
55.952530090658,-3.2072654807038,211
55.952528261642,-3.2072954881176,210
55.952513615668,-3.207427948456,197
55.95248908444,-3.2075704406413,190
55.952474274685,-3.2076432838644,186
55.952427284306,-3.2079316357046,163
55.952410147313,-3.208078338266,149
55.952373228427,-3.2083730838121,181
55.952318265356,-3.2085878935044,184
55.952289424776,-3.2086575794227,182
55.952258239213,-3.2087184576799,184
55.952226430179,-3.2087699430132,190
55.952187941357,-3.2088107107056,192
55.952141475844,-3.2088409647531,194
55.952091754397,-3.2088453248334,201
55.952042294105,-3.2088396418838,201
55.951944024808,-3.2087778088362,206
55.95176730016,-3.2086437076025,203
55.951627376854,-3.2085767497514,204
55.951569794725,-3.2085213424895,204
55.951569794725,-3.2085213424895,204
55.951569794725,-3.2085213424895,206
55.951569794725,-3.2085213424895,208
55.951569794725,-3.2085213424895,209
55.951569794725,-3.2085213424895,208
55.951569794725,-3.2085213424895,208
55.951569794725,-3.2085213424895,209
55.951569794725,-3.2085213424895,209
55.951569794725,-3.2085213424895,207
55.951569794725,-3.2085213424895,205
55.951569794725,-3.2085213424895,206
55.951569794725,-3.2085213424895,203
55.951569794725,-3.2085213424895,204
55.951569794725,-3.2085213424895,204
55.951569794725,-3.2085213424895,205
55.951569794725,-3.2085213424895,204
55.951569794725,-3.2085213424895,205
55.951569794725,-3.2085213424895,204
55.951569794725,-3.2085213424895,205
55.951569794725,-3.2085213424895,205
55.951569794725,-3.2085213424895,206
55.951569794725,-3.2085213424895,206
55.951569794725,-3.2085213424895,204
55.951569794724,-3.2085213424894,205
55.951569794871,-3.2085213415491,204
55.951569804184,-3.2085212455534,206
55.951565867443,-3.2085137434738,208
55.951565867443,-3.2085137434738,208
55.951565867443,-3.2085137434738,207
55.951565867443,-3.2085137434738,208
55.951565867443,-3.2085137434738,208
55.951565867443,-3.2085137434738,207
55.951565867443,-3.2085137434738,206
55.951565867443,-3.2085137434738,207
55.951565867443,-3.2085137434738,208
55.951565867443,-3.2085137434738,208
55.951565867438,-3.2085137434742,208
55.951565801215,-3.2085137481991,209
55.951561053113,-3.2085222846693,209
55.951557646427,-3.2085316201663,209
55.951555463397,-3.2085433944018,210
55.951554618782,-3.2085514193703,209
55.951554618151,-3.2085514200087,209
55.951554562102,-3.2085514813668,209
55.951553515598,-3.208577173373,210
55.951552496587,-3.2086048757703,208
55.951552200058,-3.2086312834081,211
55.951555830925,-3.2086641281198,211
55.951566214162,-3.2087779186726,211
55.951566214162,-3.2087779186726,213
55.951566214352,-3.2087779192803,212
55.951569670681,-3.2087572702317,212
55.951573251525,-3.2087262376578,212
55.951573251525,-3.2087262376578,211
55.951573251525,-3.2087262376578,213
55.951573251525,-3.2087262376578,213
55.951573251525,-3.2087262376578,213
55.951573251525,-3.2087262376578,215
55.951573251525,-3.2087262376578,216
55.951573251525,-3.2087262376578,215
55.951573251525,-3.2087262376578,217
55.951573251525,-3.2087262376578,215
55.951573251525,-3.2087262376578,215
55.951573251525,-3.2087262376578,214
55.951573251525,-3.2087262376578,214
55.951573251525,-3.2087262376578,214
55.951573251525,-3.2087262376578,214
55.951573251525,-3.2087262376578,215
55.951573251525,-3.2087262376578,215
55.951573251525,-3.2087262376578,215
55.951573251525,-3.2087262376578,215
55.951573251525,-3.2087262376578,216
55.951573251525,-3.2087262376578,216
55.951573251525,-3.2087262376578,216
55.951573251525,-3.2087262376577,216
55.951564066859,-3.2087291796176,217
55.951550900652,-3.2087327530074,217
55.951511904928,-3.2087197287946,217
55.95148529368,-3.2087088610331,217
55.951454260897,-3.208696455441,218
55.951419976621,-3.208684922398,215
55.951382707094,-3.2086650299929,214
55.951344237707,-3.208642587624,213
55.951218092883,-3.2085597993754,210
55.951145343558,-3.2084535374944,208
55.951112240421,-3.2083947848171,205
55.951085952162,-3.2083359352721,206
55.951066777834,-3.2082749518459,212
55.951049584085,-3.208084153941,213
55.951081472094,-3.2079084175185,218
55.951169659886,-3.2076396679088,219
55.951218378321,-3.2074296295633,218
55.951222380123,-3.2073635805838,213
55.951217820254,-3.2072266633726,216
55.951211156814,-3.2071518942776,214
55.951208328726,-3.2070761274974,210
55.951208886489,-3.2069960736041,210
55.951215459128,-3.2069170182501,211
55.951247163718,-3.206672261778,213
55.951264213852,-3.2065929820156,211
55.951477063268,-3.2063731132189,223
55.951522160352,-3.2064001331162,223
55.951535549243,-3.2064069490235,223
55.951544917151,-3.2064142052968,222
55.951551059832,-3.2064185393557,220
55.951551071071,-3.2064185731446,221
55.951557302666,-3.2064233463274,219
55.951569366216,-3.2064337757851,217
55.951587340348,-3.2064451509408,216
55.951612654889,-3.2064614624482,212
55.951644350308,-3.2064818443511,207
55.951758102237,-3.2065430151692,208
55.951792989915,-3.206549309292,209
55.951823707407,-3.2065355873471,206
55.951853319102,-3.206514088634,208
55.951880540928,-3.2064789180223,219
55.951902152263,-3.2064291536143,218
55.951918936394,-3.2063751024447,226
55.951935164585,-3.2063116102185,226
55.951966503193,-3.2061691172622,226
55.952020709865,-3.2058317214568,228
55.952084592788,-3.2055737263614,229
55.952116212016,-3.2054069635967,229
55.952126163569,-3.2053288357158,229
55.952243275529,-3.2045169094861,228
55.952256538133,-3.2044186809185,227
55.952294691248,-3.2042299305733,224
55.952316091804,-3.2041318513691,223
55.952338484966,-3.2040358252222,224
55.952357856419,-3.2039422533591,225
55.9523734719,-3.2038566206888,228
55.952389357939,-3.2037761083044,229
55.95240580461,-3.2036922677013,229
55.95247563649,-3.2035055034065,231
55.95250188444,-3.2034692687413,228
55.952563944465,-3.2033926669377,232
55.952607751566,-3.2033468254586,232
55.952638146716,-3.2032936238156,232
55.952649163837,-3.2032381993714,231
55.952644243275,-3.2031777467778,231
55.952632331313,-3.2031213727931,231
55.952615285002,-3.203066002065,232
55.952590247202,-3.2030017130723,230
55.95256099813,-3.2029293354159,231
55.952532048666,-3.2028518486505,231
55.952516627786,-3.2027760068518,229
55.952522530611,-3.2026954762441,229
55.952533398296,-3.2026064217896,227
55.952547410574,-3.2025165123894,227
55.952582174859,-3.20234573052,226
55.952603746052,-3.2022611060756,227
55.952621823016,-3.2021805156321,225
55.952653050827,-3.2020064237023,230
55.952670035202,-3.2019193645816,229
55.952687067523,-3.2018346807678,225
55.952725713237,-3.2015623988028,235
55.952749790808,-3.2013743647281,237
55.952830081123,-3.2008754837206,240
55.952836866596,-3.2007986161257,238
55.952861572423,-3.2005221708313,239
55.952864419677,-3.2004811818986,240
55.952867219392,-3.2004402684651,242
55.95286721191,-3.2004401601816,242
55.952869434295,-3.2004161567639,242
55.952912056562,-3.2002722618172,242
55.953042016158,-3.2002872792038,230
55.953067113345,-3.2003210084715,228
55.953091067701,-3.2003562807414,230
55.95311492361,-3.2003902349959,235
55.95314892095,-3.200437408968,234
55.953157582249,-3.2004503959065,240
55.953164713615,-3.2004572350797,238
55.953164713617,-3.2004572350949,231
55.953164713729,-3.2004572361242,232
55.953164724909,-3.2004572591887,245
55.953179452577,-3.2004722028064,244
55.953199907156,-3.2004994864831,244
55.953224238136,-3.2005235301749,244
55.95324642395,-3.2005446735731,241
55.953266136571,-3.2005606473559,239
55.953318319191,-3.2005953902072,241
55.95338306579,-3.2006333067993,236
55.953416553306,-3.2006562797844,233
55.953451788108,-3.2006748379193,228
55.953532081888,-3.2007022201183,219
55.953621182734,-3.200725822455,211
55.953663365194,-3.2007520005626,217
55.953702082309,-3.2007849977305,220
55.953890972297,-3.2009454558979,231
55.953929427745,-3.2009779308417,230
55.953970562779,-3.2010072901509,228
55.954016655804,-3.2010349861316,232
55.954060361119,-3.2010620552868,232
55.954187508089,-3.2011187583531,228
55.954315169828,-3.201144328803,239
55.954354805024,-3.201133433581,239
55.954387374615,-3.2011164547159,242
55.954412553232,-3.2010917025308,242
55.954428083507,-3.2010445572349,242
55.954435643015,-3.2009919863037,243
55.954444695466,-3.2009297748771,241
55.954455259064,-3.200718520728,231
55.954459207239,-3.20062899312,227
55.954499716751,-3.2004003063677,239
55.95450878332,-3.2003217094316,237
55.954583704332,-3.1999612366206,228
55.954620802322,-3.1997716196846,227
55.954639936361,-3.1996753778866,239
55.954718934175,-3.1992915976675,245
55.954734726685,-3.1991966334505,242
55.954751378462,-3.199093864667,242
55.954767809182,-3.1989947660303,248
55.954787903204,-3.198895507989,246
55.954860922657,-3.1984883730623,252
55.954874645924,-3.198391013587,255
55.954885135823,-3.1982992269097,256
55.95489472602,-3.1981507574107,254
55.954759432415,-3.19783031879,257
55.954736791592,-3.1978085651546,257
55.954713774861,-3.1977870409179,256
55.954692157064,-3.1977692225883,256
55.954667422957,-3.1977468789087,260
55.954647191712,-3.1977335815655,261
55.954647191712,-3.1977335815655,262
55.954647191712,-3.1977335815655,262
55.954647191712,-3.1977335815655,262
55.954647191712,-3.1977335815655,263
55.954647191712,-3.1977335815655,263
55.954647191712,-3.1977335815655,263
55.954647191712,-3.1977335815655,263
55.954647191712,-3.1977335815655,264
55.954647191712,-3.1977335815655,266
55.954647191712,-3.1977335815655,267
55.954647191712,-3.1977335815655,268
55.954647191712,-3.1977335815655,269
55.954647191712,-3.1977335815655,269
55.954647191712,-3.1977335815655,269
55.954647191712,-3.1977335815655,269
55.954647191712,-3.1977335815655,269
55.954647191712,-3.1977335815655,270
55.954647191712,-3.1977335815655,271
55.954647191712,-3.1977335815655,271
55.954647191712,-3.1977335815655,271
55.954647191712,-3.1977335815655,270
55.954647191712,-3.1977335815655,270
55.954647191712,-3.1977335815655,270
55.954647191712,-3.1977335815655,270
55.954647191712,-3.1977335815655,271
55.954647191712,-3.1977335815655,272
55.954647191712,-3.1977335815655,272
55.954647191712,-3.1977335815655,272
55.954647191712,-3.1977335815655,273
55.954647191712,-3.1977335815655,273
55.954647191712,-3.1977335815655,273
55.954647191712,-3.1977335815655,273
55.954647191712,-3.1977335815655,273
55.954647191712,-3.1977335815655,274
55.954647191712,-3.1977335815655,275
55.954647191712,-3.1977335815655,275
55.954647191712,-3.1977335815655,275
55.954647191712,-3.1977335815655,276
55.954647191712,-3.1977335815609,276
55.954647191712,-3.1977335815609,276
55.954647191592,-3.1977335818837,276
55.954638447062,-3.1977456218828,277
55.954585315382,-3.1977894271479,275
55.954543128455,-3.197852450109,275
55.954398554349,-3.1977895828158,281
55.954361236661,-3.1977803052626,282
55.954321387633,-3.1977699230412,283
55.954241928002,-3.1977334812368,283
55.95415140503,-3.1976683501309,281
55.954112822635,-3.197632066736,280
55.954075887817,-3.1975997438452,280
55.954035390275,-3.1975623772646,280
55.95399025154,-3.1975294051531,279
55.953947266294,-3.1974998474401,278
55.953902977692,-3.1974807999435,276
55.95385609329,-3.1974713617378,276
55.953535396262,-3.1974138583978,286
55.953511864364,-3.1973867885973,286
55.95351380059,-3.1972086923519,288
55.953524583043,-3.1971686058333,290
55.953549525751,-3.1970530587431,292
55.953554776272,-3.1969816925949,293
55.953558650652,-3.1969015974828,294
55.953561638675,-3.1968158157647,294
55.953579303669,-3.1966373710461,295
55.953618470428,-3.1964726080763,293
55.95363544807,-3.1963916585859,293
55.953650552709,-3.1963096209276,293
55.953665553238,-3.1962261008251,292
55.953676978728,-3.1961385067907,293
55.953686476189,-3.1960495076296,291
55.953698174452,-3.1959574604361,292
55.953718220227,-3.1955535733288,284
55.953712890184,-3.195466226144,283
55.953710552118,-3.1953752097781,283
55.953709667315,-3.1952868783195,282
55.95373044022,-3.1952057579598,280
55.953776981169,-3.195056015458,288
55.953799276817,-3.1949868751569,291
55.95384156147,-3.1948399546589,301
55.95386117561,-3.194761137739,304
55.953882489772,-3.1946772208404,304
55.953902286641,-3.1945964791578,304
55.953959278175,-3.1943618993147,301
55.953956560375,-3.1942166163882,298
55.953878703293,-3.1940474637409,302
55.953845817244,-3.1939950097351,310
55.953813870396,-3.1939562331823,312
55.953778838996,-3.1939321617473,313
55.953751058641,-3.193913095085,315
55.953728246545,-3.1939028095282,315
55.953714584733,-3.1938967133312,317
55.953714584731,-3.1938967133272,318
55.953712147216,-3.1938970851284,320
55.953712147216,-3.1938970851284,320
55.953712147216,-3.1938970851284,319
55.953712147216,-3.1938970851284,320
55.953712147216,-3.1938970851284,320
55.953712147216,-3.1938970851284,321
55.953712147216,-3.1938970851284,323
55.953712147216,-3.1938970851284,323
55.953712147216,-3.1938970851284,324
55.953712147216,-3.1938970851284,325
55.953712147216,-3.1938970851284,326
55.953712147216,-3.1938970851284,330
55.953712147216,-3.1938970851284,331
55.953712147216,-3.1938970851284,331
55.953712147216,-3.1938970851284,332
55.953712147216,-3.1938970851284,332
55.953712147216,-3.1938970851284,332
55.953712145866,-3.1938970871607,334
55.953697319842,-3.1938926313446,333
55.953691545139,-3.1938706945508,334
55.953682386108,-3.1938678861388,334
55.953673472917,-3.1938624509275,334
55.953603684012,-3.193817506824,334
55.95357584843,-3.1938080427022,335
55.95354356008,-3.1938015308336,335
55.953403546908,-3.1937601857231,343
55.953355442429,-3.1937298218973,346
55.95331927722,-3.1936729402877,345
55.953274492892,-3.1936410253751,347
55.953189125624,-3.1935120131833,348
55.953153813476,-3.193507854728,349
55.953084511152,-3.193498710526,347
55.952916157694,-3.1934439537108,346
55.952836540003,-3.19343482241,351
55.952756430992,-3.1934448723302,358
55.95272668017,-3.193417584872,358
55.952699628238,-3.1933766847216,359
55.952678758886,-3.1933238826427,358
55.952673168823,-3.1931910650857,358
55.952683858394,-3.1931306387678,359
55.952807200365,-3.1927906770953,362
55.952825171008,-3.1927112017239,367
55.952833736421,-3.1926292005642,372
55.952839765645,-3.1925531176099,373
55.952851066748,-3.1924751302147,373
55.952831264332,-3.1924254361812,375
55.952809837684,-3.1923682472598,375
55.952768288996,-3.1923216212227,374
55.95271617329,-3.1922650277184,375
55.952698490474,-3.1922364613898,376
55.952672011927,-3.1922228291081,376
55.952627937727,-3.1922054972382,380
55.952597052388,-3.1921910732901,378
55.952560928477,-3.1921781885138,377
55.952489505217,-3.1921505230686,384
55.95246841951,-3.192143661616,384
55.952464339036,-3.1921399373763,384
55.952358672134,-3.1921016280769,389
55.952358672134,-3.1921016280769,390
55.952358672134,-3.1921016280769,391
55.952358672134,-3.1921016280769,392
55.952358672134,-3.1921016280769,392
55.952358672134,-3.1921016280769,393
55.952358672134,-3.1921016280769,394
55.952358672134,-3.1921016280769,396
55.952358672134,-3.1921016280769,402
55.952358672134,-3.1921016280769,404
55.952358672134,-3.1921016280769,406
55.952358672134,-3.1921016280769,407
55.952358672134,-3.1921016280769,412
55.952358672134,-3.1921016280769,413
55.952358672134,-3.1921016280769,418
55.952358672134,-3.1921016280769,419
55.952358672134,-3.1921016280769,421
55.952358672134,-3.1921016280769,423
55.952358672134,-3.1921016280769,424
55.952358672134,-3.1921016280769,426
55.952358672134,-3.1921016280769,431
55.952358672134,-3.1921016280769,432
55.952358672134,-3.1921016280769,433
55.952358672134,-3.1921016280769,434
55.952358672134,-3.1921016280769,437
55.952358672134,-3.1921016280769,439
55.952358672134,-3.1921016280769,448
55.952358672134,-3.1921016280769,449
55.952358672134,-3.1921016280769,452
55.952358672134,-3.1921016280769,455
55.952358672134,-3.1921016280769,458
55.952358672134,-3.1921016280769,459
55.952358672134,-3.1921016280769,460
55.952358672134,-3.1921016280769,462
55.952358672134,-3.1921016280769,464
55.952358672134,-3.1921016280769,467
55.952358672134,-3.1921016280769,468
55.952358672134,-3.1921016280769,470
55.952358672134,-3.1921016280769,481
55.952358672134,-3.1921016280769,481
55.952358672134,-3.1921016280769,468
55.952358672134,-3.1921016280769,491
55.952358672134,-3.1921016280769,488
55.952358672134,-3.1921016280769,485
55.952348564983,-3.1923471251305,470
55.952348564983,-3.1923471251305,475
55.952348564983,-3.1923471251305,480
55.952348564983,-3.1923471251305,482
55.952348564983,-3.1923471251305,490
