Latitude, Longitude, Air Quality
55.952020252373,-3.191949455,187
55.951913597997,-3.191878416955,179
55.951779582168,-3.19180905187,179
55.951636097475,-3.1917310074838,171
55.951636097475,-3.1917310074838,171
55.951584377818,-3.1917041295227,169
55.951531082518,-3.191677125167,167
55.951482558396,-3.1916498024814,167
55.951227319162,-3.1915333968331,179
55.951183397194,-3.1915224625081,191
55.951147819001,-3.1915158384522,190
55.951105977459,-3.1915156258558,193
55.951014957509,-3.1915269682444,194
55.950974387954,-3.1915247339105,193
55.950919134716,-3.1914942691128,195
55.950897344157,-3.1914727441509,195
55.950879439426,-3.19131753979,194
55.950887482184,-3.1912743674935,193
55.950897756186,-3.1912201976064,192
55.950905077576,-3.1911788552652,192
55.950911740319,-3.1911481025328,192
55.950918170936,-3.1911280625251,192
55.950925440829,-3.191118530707,192
55.950927583659,-3.1911021704939,192
55.950942521803,-3.1910289384782,194
55.950953657369,-3.1909800104571,193
55.950982543451,-3.1908710068411,188
55.950997887055,-3.19080643612,191
55.951011060263,-3.1907399915458,190
55.951022210673,-3.1906716364762,189
55.951033635078,-3.1906042596623,189
55.951045940774,-3.1905360110584,188
55.951053601893,-3.1904642391949,186
55.951059450467,-3.1903886705373,188
55.951067932367,-3.1903103317164,185
55.951081105087,-3.1901365118296,190
55.951088302069,-3.1900463557113,191
55.951098473003,-3.1899543114065,193
55.951126069276,-3.1897736668474,192
55.951126069276,-3.1897736668474,191
55.951140225058,-3.1896819123776,191
55.951155983062,-3.1895086563686,191
55.951165451035,-3.1893413778123,191
55.951165451035,-3.1893413778123,191
55.951158702378,-3.1890520412626,189
55.951152319203,-3.1889444386959,189
55.951165351727,-3.1888523926645,190
55.951178620044,-3.1888055515143,190
55.951193932998,-3.1887581704061,190
55.951200718164,-3.1887115409448,190
55.951210470142,-3.1886661219381,190
55.951215359634,-3.1886124885157,189
55.951229282861,-3.1885398606805,189
55.951329020047,-3.1882103947646,188
55.951361699822,-3.1880988353899,188
55.951395923647,-3.1879730559666,188
55.951422232709,-3.1878480979336,186
55.951410091565,-3.1877347961031,184
55.951404909216,-3.1876557685847,186
55.951415768279,-3.1876358810528,187
55.951414695969,-3.1876081072651,187
55.951393779461,-3.1873596242125,189
55.951374732487,-3.1872129083382,190
55.951306916602,-3.1868814649553,190
55.951295390126,-3.1868196812163,190
55.951257822952,-3.1866454248959,190
55.951251042879,-3.1866000946034,190
55.951251042879,-3.1866000946034,191
55.951251042879,-3.1866000946034,190
55.951251042879,-3.1866000946034,190
55.951251042879,-3.1866000946034,189
55.951251042879,-3.1866000946034,189
55.951251042879,-3.1866000946034,189
55.951251042879,-3.1866000946034,190
55.951251042879,-3.1866000946034,190
55.951251042879,-3.1866000946034,190
55.951251042879,-3.1866000946034,191
55.951251042879,-3.1866000946034,191
55.951251042879,-3.1866000946034,191
55.951251042879,-3.1866000946034,191
55.951251042879,-3.1866000946034,191
55.951251042879,-3.1866000946034,191
55.951251042879,-3.1866000946034,191
55.951251042879,-3.1866000946034,191
55.951251042879,-3.1866000946033,191
55.951251042875,-3.1866000945954,191
55.951251042528,-3.1866000937273,191
55.95124192078,-3.1865870132219,191
55.95124192078,-3.1865870132219,191
55.95124192078,-3.1865870132219,191
55.95124192078,-3.1865870132219,191
55.95124192078,-3.1865870132219,191
55.95124192078,-3.1865870132219,191
55.95124192078,-3.1865870132219,191
55.95124192078,-3.1865870132219,190
55.95124192078,-3.1865870132219,190
55.95124192078,-3.1865870132219,191
55.95124192078,-3.1865870132219,191
55.95124192078,-3.1865870132219,191
55.95124192078,-3.1865870132219,191
55.95124192078,-3.1865870132219,191
55.95124192078,-3.1865870132219,192
55.95124192078,-3.1865870132219,191
55.95124192078,-3.1865870132219,192
55.95124192078,-3.1865870132219,192
55.95124192078,-3.1865870132219,192
55.95124192078,-3.1865870132219,192
55.95124192078,-3.1865870132219,192
55.951241920777,-3.1865870132131,193
55.9512419082,-3.1865868971642,193
55.951246601016,-3.1865742779682,193
55.951247231516,-3.1865580898852,192
55.951247230392,-3.1865580884844,193
55.951251424693,-3.1865501733903,193
55.951251424693,-3.1865501733903,193
55.951251424693,-3.1865501733903,193
55.951255130726,-3.1865547639722,193
55.951255107243,-3.1865548643267,193
55.95125766844,-3.1865607806541,193
55.95125766844,-3.1865607806541,193
55.95125766844,-3.1865607806541,193
55.95125766844,-3.1865607806541,193
55.95125766844,-3.1865607806541,193
55.95125766844,-3.1865607806541,193
55.95125766844,-3.1865607806541,193
55.95125766844,-3.1865607806541,193
55.95125766844,-3.1865607806541,193
55.95125766844,-3.1865607806541,193
55.95125766844,-3.1865607806541,193
55.95125766844,-3.1865607806541,193
55.95125766844,-3.1865607806541,193
55.951257668308,-3.1865607805039,194
55.951267998981,-3.1865169424995,193
55.951273842617,-3.1864792123282,192
55.951279984375,-3.1864095292879,192
55.951284996115,-3.186362091319,192
55.951327733346,-3.1860310650511,192
55.951344504217,-3.1858629881955,191
55.951362279677,-3.1856917141825,189
55.951370967615,-3.1856054084865,187
55.951392307881,-3.18520636581,191
55.951386171107,-3.1851041774637,194
55.951379996428,-3.1849992365593,193
55.951370000796,-3.1849140077057,195
55.951354873838,-3.1848420916873,196
55.951332889354,-3.1847708185181,195
55.951307310897,-3.1847006368245,195
55.951248765689,-3.1845922901195,197
55.950958086332,-3.1843719486849,197
55.950926989858,-3.1843535990712,200
55.95086952805,-3.1843108232444,198
55.950847516647,-3.184289219386,199
55.950818875616,-3.1842594474928,199
55.950806168712,-3.184240424551,199
55.950802358704,-3.1842142827649,199
55.950800150976,-3.1841818973812,199
55.950800355034,-3.1841455354826,199
55.950805790048,-3.1840641078419,200
55.950817193791,-3.1840219852446,198
55.950835164602,-3.1838916348341,199
55.950839435271,-3.1838623951189,198
55.950827900769,-3.1838406481489,199
55.950827900769,-3.1838406481489,198
55.950827900769,-3.1838406481489,198
55.950827900769,-3.1838406481489,198
55.950827900769,-3.1838406481489,198
55.950827900769,-3.1838406481489,197
55.950827900769,-3.1838406481489,196
55.950827900769,-3.1838406481489,196
55.950827900769,-3.1838406481489,196
55.950827900769,-3.1838406481489,195
55.950830548976,-3.1838214061563,193
55.950830548976,-3.1838214061563,194
55.950830548976,-3.1838214061563,195
55.950830548976,-3.1838214061563,195
55.950830548976,-3.1838214061563,194
55.950830548976,-3.1838214061563,194
55.950830548976,-3.1838214061563,193
55.950830548976,-3.1838214061563,194
55.950830548976,-3.1838214061563,195
55.950830548976,-3.1838214061563,195
55.950830548976,-3.1838214061563,197
55.950830548976,-3.1838214061563,197
55.950830548976,-3.1838214061563,197
55.950830548976,-3.1838214061563,197
55.950830548976,-3.1838214061563,197
55.950830548976,-3.1838214061563,197
55.950830548976,-3.1838214061563,197
55.950830548976,-3.1838214061563,197
55.950830548976,-3.1838214061563,197
55.950830548976,-3.1838214061563,196
55.950830548976,-3.1838214061563,196
55.950830548976,-3.1838214061563,196
55.950830548976,-3.1838214061563,195
55.950830548976,-3.1838214061563,195
55.950830548976,-3.1838214061563,195
55.950831982744,-3.1837944725735,195
55.95083251114,-3.183758762791,194
55.950837590319,-3.1837148970949,193
55.950839910012,-3.1836548537952,192
55.950868175376,-3.1835278704412,195
55.950879355288,-3.1834611751444,199
55.95089809202,-3.1833251507902,198
55.950911160276,-3.1832526444144,198
55.950937129819,-3.1831133693315,200
55.950948736693,-3.1830444510399,200
55.950960727624,-3.1829794222832,199
55.950971748833,-3.1829234535291,198
55.9509916158,-3.1828132498172,199
55.951004824851,-3.1827246591252,200
55.95101274401,-3.1826831630085,201
55.950982918951,-3.1825687784587,201
55.950982918951,-3.1825687784587,202
55.950982918951,-3.1825687784587,202
55.950982918951,-3.1825687784587,202
55.950982918951,-3.1825687784587,202
55.950982918951,-3.1825687784587,202
55.950982918951,-3.1825687784587,202
55.950982918951,-3.1825687784587,202
55.950982918951,-3.1825687784587,203
55.950982918951,-3.1825687784587,203
55.950982918951,-3.1825687784587,203
55.950982918951,-3.1825687784587,203
55.950982918951,-3.1825687784587,203
55.950982918951,-3.1825687784587,203
55.950982918951,-3.1825687784587,202
55.950982918951,-3.1825687784587,202
55.950982918951,-3.1825687784587,203
55.950982918951,-3.1825687784587,203
55.950982918951,-3.1825687784587,203
55.950982918951,-3.1825687784587,203
55.950982918951,-3.1825687784587,202
55.950982918951,-3.1825687784587,202
55.950982918951,-3.1825687784587,202
55.950982918951,-3.1825687784587,202
55.950982918951,-3.1825687784587,202
55.950982918951,-3.1825687784587,203
55.950982918951,-3.1825687784587,203
55.950982918951,-3.1825687784587,203
55.950986822272,-3.1825160753954,205
55.951002291681,-3.1824285949965,206
55.951006274553,-3.182368526789,207
55.951016376039,-3.1823054030516,207
55.951026472024,-3.1822421119591,207
55.951041978334,-3.182166644033,206
55.951058328781,-3.1820900118211,205
55.951072429886,-3.1820245705727,203
55.951083611915,-3.1817155128725,198
55.951121862651,-3.1814397599319,198
55.951135101081,-3.1813452167562,197
55.951162695834,-3.1811380665627,196
55.951174924218,-3.181042886784,196
55.951198093177,-3.1808796798195,196
55.9512136184,-3.1807975459956,196
55.951229747771,-3.1807081667903,198
55.95126619711,-3.1805273708512,203
55.95133458278,-3.1801988241842,212
55.951386557213,-3.1799585051581,212
55.951405295312,-3.1798862212976,213
55.951419589318,-3.1798224255321,212
55.951431607276,-3.179769752396,211
55.951444095872,-3.1797201423176,210
55.95145415808,-3.1796855726968,210
55.951475893746,-3.179638150372,210
55.951482219979,-3.1796206812821,210
55.951512407743,-3.1795422214852,211
55.951512407743,-3.1795422214852,211
55.951512407743,-3.1795422214852,212
55.951512407743,-3.1795422214852,212
55.951512407743,-3.1795422214852,211
55.951512407743,-3.1795422214852,211
55.951512407743,-3.1795422214852,210
55.951512407743,-3.1795422214852,209
55.951512407743,-3.1795422214852,209
55.951512407743,-3.1795422214852,209
55.951512407743,-3.1795422214852,209
55.951512407743,-3.1795422214852,209
55.951512407743,-3.1795422214852,209
55.951512407743,-3.1795422214852,209
55.951512407743,-3.1795422214852,209
55.951512407743,-3.1795422214852,209
55.951512407743,-3.1795422214852,209
55.951512407743,-3.1795422214852,209
55.951512407743,-3.1795422214852,209
55.951512407743,-3.1795422214852,208
55.951512407743,-3.1795422214852,208
55.951512407743,-3.1795422214852,208
55.951512407743,-3.1795422214852,207
55.951512407743,-3.1795422214852,207
55.951512407743,-3.1795422214852,206
55.951512407743,-3.1795422214852,205
55.951512407743,-3.1795422214852,203
55.951529982661,-3.1794900387308,197
55.951573688026,-3.179332096137,205
55.951612419745,-3.1791986332921,204
55.951632171227,-3.1791187284245,206
55.951646944338,-3.1790364878364,204
55.951661002092,-3.1789517271858,206
55.951674038384,-3.1788588685591,207
55.951716637939,-3.1785698275718,206
55.951729781567,-3.1784699446859,202
55.951814815343,-3.1780733864242,199
55.951837550494,-3.1779893495323,203
55.951943718947,-3.17765714734,202
55.951988513458,-3.1775218979616,197
55.952035086929,-3.1773562129768,199
55.952053348094,-3.177283152533,195
55.95207177767,-3.1772092335752,202
55.952090250732,-3.1771327803323,208
55.952106388899,-3.1770608487615,210
55.952122782623,-3.1769891150297,211
55.952137724748,-3.1769192962436,210
55.952172882658,-3.1767726495819,209
55.952186837641,-3.176715069054,210
55.952227304576,-3.1765717215551,210
55.952248298874,-3.1764955563349,210
55.952275041135,-3.1764010296544,211
55.952317299528,-3.1762563776301,212
55.952339836413,-3.1761818758222,214
55.95236258386,-3.176105685679,214
55.952383848037,-3.176030445494,215
55.952402519381,-3.1759571305786,213
55.952417407679,-3.1758860080514,214
55.952432244927,-3.1758174478615,213
55.952448948403,-3.1757478999927,211
55.9524632297,-3.1756865101861,210
55.952500903364,-3.1755432721624,205
55.952519867083,-3.175474874967,201
55.952536686518,-3.1754168878148,199
55.95255876848,-3.1753415335222,193
55.952610592195,-3.1751647827229,195
55.952657594412,-3.1749952092451,198
55.952730118484,-3.1746515683824,189
55.952733933601,-3.1745593410522,188
55.952734925738,-3.1744343887966,196
55.952709004092,-3.1743494143408,206
55.952688535943,-3.1743006119105,206
55.952632814743,-3.1742338965039,212
55.952609666614,-3.17420734439,211
55.952586597464,-3.1741837178683,208
55.952551909205,-3.1741625669397,203
55.952507448835,-3.1741408219592,196
55.952456004615,-3.1741153935649,196
55.952345605362,-3.1740431185818,197
55.952285543349,-3.1740047729884,202
55.95222444398,-3.1739606872742,208
55.952169864741,-3.1739293063458,210
55.952113747345,-3.1738997434327,211
55.951996516853,-3.1738302939676,210
55.951878206318,-3.1737054809592,210
55.951867990555,-3.1736533895894,210
55.951862942955,-3.1735176520412,216
55.9518962476,-3.1732951189931,215
55.951909832289,-3.1732243477204,217
55.95192524802,-3.1731363228078,220
55.951945965075,-3.1729730012807,222
55.951933064827,-3.1729104791664,222
55.95190793114,-3.1728444564064,223
55.951876035378,-3.1727968993032,222
55.951849060111,-3.1727589401002,220
55.951812297275,-3.1727290040394,218
55.951770041511,-3.1727015645377,217
55.951729627149,-3.1726730955891,216
55.951683517404,-3.1726443594799,212
55.951587386811,-3.1725779098419,213
55.951490864186,-3.1724997713368,202
55.951442719314,-3.1724582075283,193
55.951386823724,-3.1724118882325,192
55.951325166529,-3.1723611486443,196
55.95119914838,-3.1722595827982,196
55.951136029734,-3.1722138114168,191
55.951074233398,-3.1721743000424,181
55.95088727626,-3.1720804808161,181
55.950823360988,-3.1720556298204,183
55.950761306162,-3.1720398708045,188
55.950714529828,-3.1720463933975,181
55.950573623361,-3.1721422948203,181
55.950541920859,-3.1721894716615,179
55.950420865157,-3.1724760451839,166
55.950394343857,-3.172567635998,157
55.950367706346,-3.1726605117065,152
55.950339001283,-3.1727538618365,154
55.950308179448,-3.1728483935327,148
55.950277791972,-3.1729387214046,142
55.950209612428,-3.1731430497935,129
55.950179361688,-3.173246506543,147
55.950114857934,-3.1734529396451,152
55.950037532316,-3.1736367103881,167
55.949964815622,-3.1738216268281,165
55.949865183036,-3.1741984733535,153
55.949860059771,-3.1742897888485,171
55.949863190043,-3.1743839879767,182
55.949872855455,-3.1744641583981,193
55.949895151023,-3.1745867111039,192
55.94990613411,-3.1746199649579,203
55.949910991217,-3.1746360323814,202
55.949911883128,-3.1746446700243,198
55.949911883126,-3.1746446700265,194
55.949911886897,-3.1746446660766,184
55.949916938396,-3.1746580625688,183
55.949926845787,-3.1746833482895,174
55.949965329617,-3.1747724169667,190
55.950091405746,-3.1749903625231,180
55.950176369963,-3.1751099725448,192
55.950219024209,-3.1751674901423,187
55.95026539385,-3.175229008795,182
55.950402751748,-3.1754196385781,172
55.950446616522,-3.1754820822894,168
55.950491412297,-3.1755348314463,172
55.950624247791,-3.1757265589494,175
55.950671899133,-3.1757984641332,175
55.950824325058,-3.1760300026336,187
55.95085931789,-3.1760899488161,190
55.95094694132,-3.1761600053983,193
55.950986890708,-3.1761503829999,192
55.951023411664,-3.1761199546885,191
55.951060944382,-3.1760865759126,207
55.95109509009,-3.1760370744252,207
55.951128507224,-3.1759725080692,206
55.951177577352,-3.1758670878523,206
55.951194738271,-3.1758309003269,206
55.951224188167,-3.1757844688694,205
55.951224188167,-3.1757844688694,205
55.951224188167,-3.1757844688694,205
55.951224188167,-3.1757844688694,206
55.951224188167,-3.1757844688694,206
55.951224188167,-3.1757844688694,206
55.951224188167,-3.1757844688694,206
55.951224188167,-3.1757844688694,205
55.951224188167,-3.1757844688694,206
55.951224188167,-3.1757844688694,205
55.951224188167,-3.1757844688694,205
55.951224188167,-3.1757844688694,205
55.951224188167,-3.1757844688694,205
55.951224188167,-3.1757844688694,206
55.951224188167,-3.1757844688694,205
55.951224188167,-3.1757844688694,204
55.951224188167,-3.1757844688694,204
55.951224188166,-3.1757844688661,203
55.95122418822,-3.1757844685034,202
55.951224215279,-3.1757844044369,205
55.951247358038,-3.1757400312371,207
55.951256468363,-3.1757009164958,207
55.95126674364,-3.1754130509423,207
55.951256595243,-3.1753136291107,207
55.9512491814,-3.1752707540454,207
55.951242465823,-3.1752360344674,209
55.951232992217,-3.1752057018601,210
55.951220234941,-3.1751772436635,210
55.95120500326,-3.175155667917,211
55.951186676617,-3.1751423596447,211
55.951166851162,-3.1751364317948,210
55.951149019231,-3.1751389009255,210
55.951131241572,-3.17515025284,208
55.951090336879,-3.1751842210063,208
55.951067963669,-3.1751994402984,207
55.951045327641,-3.1752192988204,208
55.950988849144,-3.1752519191293,212
55.950958557954,-3.1752607673132,213
55.950930630525,-3.1752582752869,213
55.950908023814,-3.1752465049047,212
55.950888192277,-3.1752333400164,211
55.950872750939,-3.1752137691083,212
55.950852095236,-3.1751429519944,215
55.950852095236,-3.1751429519944,215
55.950852095236,-3.1751429519944,216
55.950852095236,-3.1751429519944,218
55.950852095236,-3.1751429519944,218
55.950852095236,-3.1751429519944,218
55.950852095236,-3.1751429519944,218
55.950852095236,-3.1751429519944,218
55.950852095236,-3.1751429519944,218
55.950852095236,-3.1751429519944,219
55.950852095236,-3.1751429519944,219
55.950852095236,-3.1751429519944,219
55.950852095236,-3.1751429519944,218
55.950852095236,-3.1751429519944,221
55.950852095236,-3.1751429519944,222
55.950852095236,-3.1751429519944,222
55.950852095236,-3.1751429519944,222
55.950852095236,-3.1751429519944,222
55.950852095236,-3.1751429519944,223
55.950852095236,-3.1751429519944,223
55.950852095236,-3.1751429519944,223
55.950852095236,-3.1751429519944,226
55.950852095236,-3.1751429519944,226
55.950852095236,-3.1751429519944,227
55.950852095236,-3.1751429519944,228
55.950852095236,-3.1751429519944,233
55.950852095236,-3.1751429519944,234
55.950852095236,-3.1751429519944,234
55.950852095236,-3.1751429519944,235
55.950852095236,-3.1751429519944,235
55.950852095236,-3.1751429519944,235
55.950852095236,-3.1751429519944,235
55.950852095236,-3.1751429519944,235
55.950852095236,-3.1751429519944,235
55.950852095236,-3.1751429519944,237
55.950852095236,-3.1751429519944,237
55.950852095236,-3.1751429519944,238
55.950852095236,-3.1751429519944,239
55.950852095236,-3.1751429519944,239
55.950852095236,-3.1751429519944,238
55.950852095236,-3.1751429519944,234
55.950852095236,-3.1751429519946,233
55.950852056411,-3.1751429282757,231
55.950828220114,-3.1750935950728,237
55.950799312264,-3.1750232906647,241
55.9507950028,-3.1749988499522,242
55.950795480298,-3.1749711070311,244
55.950799212861,-3.1749372137767,244
55.950805574151,-3.1749057444126,246
55.950826672586,-3.1748410574104,248
55.950839509328,-3.1748109836303,248
55.950853616267,-3.1747815859903,249
55.950871478669,-3.1747555025411,248
55.950936107738,-3.1747081985071,240
55.950960691,-3.1747075431875,235
55.950984594228,-3.1747172331521,229
55.951005875006,-3.1747374338095,221
55.951087969563,-3.1750365823642,256
55.951102174224,-3.1750745767327,259
55.951137975066,-3.1751263697204,259
55.95120573592,-3.1751829125139,257
55.951224129384,-3.1752033010228,254
55.951240748505,-3.1752252588616,255
55.951257586399,-3.1752564027402,251
55.951268750885,-3.1752955234673,249
55.951269368463,-3.1754312065297,258
55.95126276248,-3.1754709280401,258
55.951245819578,-3.1755205190199,255
55.951193812313,-3.1756438472805,251
55.951164793217,-3.1756962491777,248
55.951100203714,-3.1758196400471,236
55.95106306293,-3.1758837532009,228
55.951027011661,-3.1759416741976,222
55.950985852059,-3.1759997184807,216
55.950904710074,-3.1761281762466,188
55.950864440906,-3.1761750363235,181
55.950823430829,-3.1762272701292,189
55.950702267041,-3.176413321342,182
55.950628782988,-3.1765420241184,185
55.950570552048,-3.176714680446,183
55.9505605381,-3.1768338778938,181
55.950549606735,-3.176945838012,191
55.950538754852,-3.1770859894965,192
55.950526526873,-3.1772038234791,195
55.950509571565,-3.1773180974635,195
55.950441169385,-3.177559214368,191
55.950380279563,-3.1777228269526,186
55.950353125833,-3.1778061723664,189
55.950303319145,-3.1779688669792,198
55.950226733014,-3.1782148189679,189
55.950204133788,-3.1782976652939,188
55.950166535445,-3.1784575619296,195
55.950111187215,-3.1786042203202,198
55.950074941322,-3.1786600441312,204
55.950011125585,-3.178752504601,217
55.949990191189,-3.1788056940426,218
55.949945054502,-3.1788581464135,221
55.949928974733,-3.1788805749492,224
55.94992365691,-3.1788990557726,230
55.94992365691,-3.1788990557726,230
55.94992365691,-3.1788990557726,231
55.94992365691,-3.1788990557726,232
55.94992365691,-3.1788990557726,233
55.94992365691,-3.1788990557725,233
55.949923695864,-3.1788990434697,231
55.949916927417,-3.1789087679681,230
55.949908207387,-3.1789751108057,224
55.949876841923,-3.1790712613615,220
55.949828491551,-3.1791879746736,216
55.949799589754,-3.1792429843826,210
55.949768144577,-3.1793049936182,202
55.949736581414,-3.1793740254979,198
55.949718293416,-3.1794585417045,200
55.949584948783,-3.1798615436312,175
55.949560872275,-3.1799511175981,182
55.949537285931,-3.1800412091564,183
55.949512509868,-3.1801292667595,196
55.949489884946,-3.1802222218024,197
55.949460105793,-3.1803131330681,202
55.949429529991,-3.1805058323853,197
55.949404064864,-3.1810155790448,185
55.949402052676,-3.1811210887245,184
55.949398591557,-3.1812283391874,184
55.949392927352,-3.1813342271688,181
55.949390530234,-3.1814379366999,180
55.949381714524,-3.1815435152591,180
55.949377047731,-3.1816518210815,176
55.949372288089,-3.1817617415623,174
55.949367766374,-3.1818768355131,171
55.949367730115,-3.1819969021969,173
55.949366951507,-3.1821107927808,176
55.949360870258,-3.1822317230764,184
55.949350596189,-3.1823530072969,186
55.949341865263,-3.1825640092438,175
55.94933287747,-3.1826606685936,175
55.949298967224,-3.1828553936809,189
55.94928049353,-3.183050351285,199
55.949279532176,-3.1831166997437,211
55.94928589731,-3.1832261741721,221
55.949282181441,-3.1832588435894,221
55.94927685462,-3.1833336456466,217
55.949270310724,-3.1833886790365,216
55.949260190878,-3.1834891387805,218
55.949260190878,-3.1834891387805,218
55.949260190878,-3.1834891387805,219
55.949260190878,-3.1834891387805,219
55.949260190878,-3.1834891387805,219
55.949260190878,-3.1834891387805,218
55.949260190878,-3.1834891387805,217
55.949260190878,-3.1834891387805,217
55.949260190878,-3.1834891387805,217
55.949260190878,-3.1834891387805,217
55.949260190878,-3.1834891387805,217
55.949260190878,-3.1834891387805,217
55.949260190878,-3.1834891387805,216
55.949260190878,-3.1834891387805,216
55.949260190878,-3.1834891387805,216
55.949260190878,-3.1834891387805,216
55.949260190878,-3.1834891387805,216
55.949260190878,-3.1834891387805,217
55.949260190878,-3.1834891387805,217
55.949260191066,-3.1834891387292,218
55.949238611091,-3.1835483960307,218
55.949174712324,-3.1837604144909,214
55.949124247032,-3.1841188807456,202
55.949116621824,-3.1841978668295,197
55.949094099246,-3.184578173124,189
55.949096739997,-3.1846774305894,187
55.949092143602,-3.1848626845656,180
55.949091927966,-3.1849579039416,193
55.94909323931,-3.1853763322165,194
55.949084308693,-3.1854506711694,197
55.949042710983,-3.185590963016,196
55.948990385232,-3.1857305409267,196
55.94896099912,-3.1858747395868,195
55.948943470459,-3.1859466744415,194
55.948931468579,-3.1860231356644,200
55.948929865199,-3.1861064872347,201
55.948930777081,-3.1861899745799,201
55.948963554843,-3.186393224262,198
55.948981861317,-3.1864963328989,198
55.948943346097,-3.1866802054326,198
55.948926294495,-3.1867097431413,204
55.948922778528,-3.1867412825244,212
55.948916017899,-3.1867673165081,217
55.948914110004,-3.1867775328373,216
55.94891131122,-3.186783778255,216
55.948912896414,-3.186785290879,216
55.948914267214,-3.1867836079987,216
55.948899077599,-3.1867754246112,216
55.948868481936,-3.1867892245739,218
55.948864671725,-3.1868038933674,219
55.948838174049,-3.1868566919131,220
55.948832028142,-3.1868966279197,220
55.948830220159,-3.1869180115694,219
55.94882972888,-3.186940972226,219
55.94883788026,-3.1870225334105,214
55.948836659431,-3.1870788262537,217
55.948831694703,-3.1870999255278,215
55.948827081742,-3.1871232172067,212
55.948806907494,-3.1871466418424,215
55.948787452754,-3.1871621813578,215
55.948774509854,-3.1871914408475,214
55.948763149894,-3.1872542358006,214
55.948762072083,-3.1873188856693,209
55.948756434834,-3.1874118594094,212
55.948742669247,-3.1877370569583,209
55.94873455859,-3.1878223126109,217
55.948720061858,-3.187897512342,216
55.948711371255,-3.187989665831,220
55.948706514077,-3.1880725971681,220
55.948705503865,-3.1881656605372,219
55.948703844162,-3.1882500463835,218
55.948696498322,-3.188330524791,215
55.948692421204,-3.1884250298044,213
55.94867819708,-3.188523495214,211
55.948666894564,-3.1887039959378,210
55.948659741566,-3.1887961751754,204
55.948650849992,-3.1888883025252,202
55.948561306611,-3.1900396874941,195
55.948552376992,-3.1901292268058,199
55.948540715666,-3.1902198537763,196
55.948519929958,-3.1905139304366,192
55.948523095961,-3.1906108661605,191
55.948523089156,-3.1906987459441,196
55.948531163058,-3.1907923033661,197
55.948535455951,-3.190878345209,200
55.948549135838,-3.1909848839023,201
55.948513380145,-3.1911832369384,195
55.948477588973,-3.1914060055382,195
55.948453336957,-3.1915070913174,193
55.948423174285,-3.1915858682731,191
55.948400456294,-3.1916703402652,192
55.948390568936,-3.1917581655703,191
55.948362925236,-3.1918503094418,189
55.948337804888,-3.1919483192752,189
55.94831054795,-3.1920614126303,189
55.948290236636,-3.1922084920894,194
55.948270491312,-3.1922580445836,190
55.948174816557,-3.1925131282321,188
55.948149391468,-3.1925999928085,187
55.948112826083,-3.192667084996,189
55.948087227429,-3.1927574135719,190
55.948064850923,-3.1928214772113,190
55.948042491565,-3.193001532539,185
55.947975925533,-3.1931549606776,183
55.947950395252,-3.1932519632795,186
55.947930565774,-3.1933383561949,195
55.947929080941,-3.1934326646216,192
55.947904859247,-3.1935792800716,196
55.947900379684,-3.1936705812567,196
55.947901526254,-3.1937518450491,191
55.947910606727,-3.1938553063089,195
55.94791942548,-3.1939539258085,192
55.947904304615,-3.1940176727831,189
55.947890563113,-3.1940750121059,183
55.947879487557,-3.1941935545683,182
55.947860324493,-3.1942852364761,184
55.947841124636,-3.1943625634207,184
55.947819542463,-3.1944413428767,183
55.947796727932,-3.1945211006134,187
55.947777859835,-3.194605095438,189
55.947757654224,-3.1946897015702,188
55.947739855409,-3.1947714328016,189
55.947722543523,-3.1948619441225,191
55.947697358977,-3.1950370365649,186
55.947697358977,-3.1950370365649,189
55.947642561163,-3.1952799097428,182
55.947515235647,-3.1956476427463,195
55.947515235647,-3.1956476427463,200
55.947469742689,-3.1957839417659,199
55.947450661391,-3.1958533378111,198
55.947421814319,-3.1959970879607,195
55.947408360346,-3.1960747624828,198
55.947398074643,-3.1961370933846,200
55.947387934201,-3.1962007381374,205
55.947379009801,-3.1962569625148,207
55.947374725347,-3.1962822716692,206
55.947370829067,-3.1962946618512,207
55.947368777384,-3.1963022984382,208
55.947371179929,-3.1962943099155,210
55.947372646354,-3.196287685272,211
55.947374585745,-3.1962838776147,212
55.947372051181,-3.1962743582675,214
55.947370620049,-3.1962639599983,214
55.947369212485,-3.1962641320571,213
55.947375616633,-3.1962702030979,212
55.947384973355,-3.1962799378111,211
55.947392414187,-3.1962854504293,209
55.947400773951,-3.1962910693727,207
55.94740791934,-3.1962966546658,205
55.947417772562,-3.1963160491567,202
55.947410513063,-3.1963747005638,199
55.947395302064,-3.1964292884024,197
55.947383167722,-3.19649396947,196
55.947360034143,-3.1965467306165,194
55.947301384321,-3.1966242567122,193
55.947253842556,-3.1967333451805,189
55.94720230765,-3.1968577523681,193
55.947172513558,-3.1969364748676,191
55.947142522458,-3.1970198723413,188
55.947026060842,-3.1973453840662,195
55.946977799105,-3.1975018955242,197
55.946951894333,-3.1975964005008,196
55.9469108594,-3.1977698620714,185
55.9468864391,-3.1978407486722,200
55.946843215027,-3.1979367023696,202
55.946814648446,-3.1979833411179,200
55.946787766787,-3.1980251665451,202
55.94676058536,-3.1980731308409,201
55.946734149229,-3.1981257693341,201
55.946705745668,-3.1981893170971,197
55.946681391323,-3.1982608977157,193
55.946660299256,-3.198340275712,195
55.946639072176,-3.1984149760715,196
55.946618057229,-3.1984935098025,197
55.946599903479,-3.198577198477,195
55.946584048791,-3.1986512793011,195
55.946581821645,-3.1994539150861,183
55.946568795927,-3.1995381501748,187
55.94651894192,-3.1996813489773,181
55.946491526953,-3.1997651853618,179
55.946460237993,-3.1998407471501,175
55.946442128945,-3.1999073359898,174
55.946428147167,-3.1999735114678,171
55.94640621384,-3.2000344113956,169
55.946386834066,-3.2000971346297,166
55.946364988373,-3.2001606812412,168
55.946340402484,-3.2002283174518,159
55.946224582257,-3.2005790854581,150
55.946191539266,-3.2006413227056,162
55.946129002088,-3.2007512104434,170
55.946102140703,-3.2007973278761,174
55.946050973021,-3.2009950814858,169
55.946045992653,-3.2010758529356,167
55.946037700384,-3.2011359482263,163
55.945998244488,-3.201392687314,179
55.945973426513,-3.2014853661148,182
55.945959461489,-3.2015686274881,184
55.94594518729,-3.2016721600779,192
55.945926127818,-3.2018461189585,196
55.945921403958,-3.2019274649565,197
55.945915240523,-3.2020141398926,202
55.9459119312,-3.2020902159904,202
55.945912579993,-3.2022035735979,203
55.945900387437,-3.2023485769379,203
55.945895020178,-3.2024119699613,202
55.945887135104,-3.2024612641204,202
55.945877923631,-3.2025060197333,200
55.945853304126,-3.2027087884063,200
55.945843731767,-3.2027798536788,200
55.945837727138,-3.2028563372631,197
55.945823249088,-3.2030310967086,204
55.945812137344,-3.2031262450939,205
55.945813534037,-3.2032230019266,205
55.945834867884,-3.2032833590198,207
55.945864624664,-3.203337297647,207
55.945907154463,-3.2033907329771,208
55.945927387489,-3.2034016789921,209
55.945954044531,-3.2034065242812,209
55.946123781434,-3.2032866408536,207
55.946191104894,-3.2032040645343,203
55.946231298179,-3.2031547246166,201
55.94627053355,-3.2031034445356,198
55.946312512252,-3.2030536891817,199
55.946399781898,-3.2029410230836,201
55.946443246021,-3.2028887009458,198
55.946523416717,-3.202790092438,189
55.946564756255,-3.202739934409,187
55.946613578457,-3.2026790741888,188
55.946666293231,-3.2026189777262,182
55.946718901202,-3.2025584750129,178
55.946769590987,-3.2024981785131,172
55.946816200017,-3.2024445674257,164
55.946952830508,-3.2022827017036,151
55.946996479867,-3.202230709274,148
55.947041167912,-3.2021797535876,159
55.947132478675,-3.2020767306402,166
55.947179301429,-3.2020215233205,168
55.947219925697,-3.2019671629086,166
55.947265119594,-3.2019099014598,164
55.947312553043,-3.2018580161014,163
55.947505003636,-3.2016514300122,170
55.947589253944,-3.2015387019181,161
55.947660838572,-3.2013071565636,173
55.947666348655,-3.2012090163832,184
55.947669476153,-3.2011103170459,192
55.947666358393,-3.2010254548219,194
55.947660241213,-3.2009476507253,194
55.947649900313,-3.2008586577147,195
55.947626138385,-3.2005985610595,195
55.94761942687,-3.2004906483075,193
55.947618077707,-3.2003861200402,194
55.947616324501,-3.2002827938719,194
55.947614462523,-3.2001698274891,195
55.947616009788,-3.2000626691231,191
55.947616663195,-3.1999509610543,194
55.947618492407,-3.1998425020835,191
55.947625960174,-3.1996263561619,189
55.947643950159,-3.1994241034302,182
55.947667839764,-3.1992343110039,181
55.947725707579,-3.1989630152614,187
55.947751750901,-3.1988805430017,194
55.947841245616,-3.1986451825359,197
55.947872312874,-3.1985648798313,196
55.947934723501,-3.1984042163306,192
55.94799411903,-3.198240882324,194
55.948021933341,-3.1981526765827,196
55.948106854887,-3.1978102935135,193
55.948208155103,-3.1971022403057,184
55.948219570287,-3.197009353289,199
55.948276675345,-3.196458864692,194
55.948292819324,-3.1963714793813,196
55.948329012634,-3.1962026929696,200
55.948348482793,-3.1961159966518,198
55.948404866797,-3.1958651060107,198
55.948467710282,-3.1956115585833,197
55.948489449427,-3.1955243228063,196
55.94851155123,-3.1954351471019,195
55.94853211205,-3.1953511219963,195
55.948628860113,-3.195026962446,189
55.948656684268,-3.1949534438941,191
55.948687187453,-3.1948824485197,195
55.948793405238,-3.1946869721365,197
55.948833101139,-3.194627284884,199
55.949016954314,-3.1944507111833,199
55.949096818313,-3.1944128572515,199
55.949137597116,-3.1943922596057,201
55.949168366499,-3.1943729078663,200
55.949190907772,-3.1943356513252,200
55.949205084757,-3.1942993102326,201
55.949216372032,-3.1942607409209,202
55.949226894297,-3.1942237831943,202
55.949238538899,-3.194186862428,201
55.949247829125,-3.1941429797486,202
55.949254664369,-3.1940988819163,202
55.949261211694,-3.1940522357354,202
55.94926139514,-3.1940041589688,203
55.949259145477,-3.1939506205595,204
55.949259614599,-3.1937550464009,204
55.94925618434,-3.1936950941568,204
55.949270442917,-3.1935312142419,204
55.949267413839,-3.1935053250819,203
55.949267413839,-3.1935053250819,204
55.949267413839,-3.1935053250819,204
55.949267413839,-3.1935053250819,204
55.949267413839,-3.1935053250819,204
55.949267413839,-3.1935053250819,204
55.949267413839,-3.1935053250819,203
55.949267413839,-3.1935053250819,204
55.949267413839,-3.1935053250819,204
55.949267413839,-3.1935053250819,204
55.949267413839,-3.1935053250819,204
55.949267413839,-3.1935053250819,204
55.949267413839,-3.1935053250819,204
55.949267413839,-3.1935053250819,205
55.949267413839,-3.1935053250819,205
55.949267413839,-3.1935053250819,205
55.949267413839,-3.1935053250819,205
55.949267413839,-3.1935053250819,205
55.949267413839,-3.1935053250819,205
55.949267413839,-3.1935053250819,205
55.949267413839,-3.1935053250819,205
55.949267413839,-3.1935053250819,205
55.949267413839,-3.1935053250819,205
55.949267413839,-3.1935053250819,205
55.949267413839,-3.1935053250819,205
55.949267413839,-3.1935053250819,205
55.949267413839,-3.1935053250819,204
55.949267413839,-3.1935053250819,204
55.949267413839,-3.1935053250819,205
55.949267413839,-3.1935053250819,205
55.949267413839,-3.1935053250819,206
55.949267413839,-3.1935053250819,206
55.949267413839,-3.1935053250819,206
55.949267413839,-3.1935053250819,206
55.949267413839,-3.1935053250819,206
55.949267413839,-3.1935053250819,205
55.949267413839,-3.1935053250819,206
55.949267413839,-3.1935053250819,206
55.949267413839,-3.1935053250819,206
55.949267413839,-3.1935053250819,205
55.949267413839,-3.1935053250819,205
55.949267413839,-3.1935053250819,205
55.949267413839,-3.1935053250819,205
55.949267413839,-3.1935053250819,205
55.949267413839,-3.1935053250819,205
55.949267413839,-3.1935053250819,205
55.949267413839,-3.1935053250819,205
55.949267413839,-3.1935053250819,205
55.949267413839,-3.1935053250819,204
55.949267413839,-3.1935053250819,204
55.949267413839,-3.1935053250819,204
55.949267413839,-3.1935053250819,206
55.949267413839,-3.1935053250819,208
55.949267413839,-3.1935053250819,209
55.949267413839,-3.1935053250819,208
55.949267413839,-3.1935053250819,208
55.949267413839,-3.1935053250819,208
55.949267413839,-3.1935053250819,208
55.949267413839,-3.1935053250819,208
55.949267413839,-3.1935053250819,208
55.949267413839,-3.1935053250819,208
55.949267413839,-3.1935053250819,208
55.949267413839,-3.1935053250819,208
55.949267413839,-3.1935053250819,210
55.949267413839,-3.1935053250819,210
55.949267413839,-3.1935053250819,210
55.949267413839,-3.1935053250819,210
55.949267413839,-3.1935053250819,210
55.949267413839,-3.1935053250819,211
55.949267413839,-3.1935053250819,211
55.949267413839,-3.1935053250819,212
55.949267413839,-3.1935053250819,212
55.949267413839,-3.1935053250819,212
55.949267413839,-3.1935053250819,212
55.949267413839,-3.1935053250819,212
55.949267413839,-3.1935053250819,212
55.949267413839,-3.1935053250819,212
55.949267413839,-3.1935053250819,211
55.949267413839,-3.1935053250819,211
55.949267413839,-3.1935053250819,212
55.949267413839,-3.1935053250819,212
55.949267413839,-3.1935053250819,212
55.949267413839,-3.1935053250819,213
55.949267413839,-3.1935053250819,213
55.949267413839,-3.1935053250819,213
55.949267413839,-3.1935053250819,213
55.949267413839,-3.1935053250819,213
55.949267413839,-3.1935053250819,214
55.949267413839,-3.1935053250819,213
55.949267413839,-3.1935053250819,213
55.949267413839,-3.1935053250819,213
55.949267413839,-3.1935053250819,214
55.949267413839,-3.1935053250819,214
55.949267413839,-3.1935053250819,215
55.949267413839,-3.1935053250819,215
55.949267413839,-3.1935053250819,215
55.949267413839,-3.1935053250819,215
55.949267413839,-3.1935053250819,215
55.949267413839,-3.1935053250819,214
55.949267413839,-3.1935053250819,214
55.949267413839,-3.1935053250819,214
55.949267413839,-3.1935053250819,215
55.949267413839,-3.1935053250819,214
55.949267413839,-3.1935053250819,214
55.949267413839,-3.1935053250819,214
55.949267413839,-3.1935053250819,213
55.949267413839,-3.1935053250819,212
55.949267413839,-3.193505325082,212
55.949267413844,-3.1935053250849,211
55.949267414185,-3.1935053252523,211
55.949267441081,-3.1935053290101,211
55.94928987558,-3.1934233185746,216
55.949318137168,-3.1932654978386,217
55.949326628443,-3.1932111273831,217
55.949335782354,-3.1931559271468,217
55.94934599164,-3.193098596878,216
55.949358276323,-3.1930404415903,215
55.949367908551,-3.1929829083738,215
55.94946943351,-3.1928008532108,220
55.94949429809,-3.1927929050542,219
55.949526950789,-3.1927875377808,218
55.949531509269,-3.1927704449754,216
55.949531509269,-3.1927704449752,214
55.949531509271,-3.1927704449616,213
55.949531509438,-3.1927704439451,212
55.949531524426,-3.192770370799,209
55.9495380543,-3.1927653003191,212
55.949547850063,-3.1927537253511,211
55.949563477762,-3.1927382428856,213
55.9495838845,-3.1927332690885,216
55.949606918264,-3.1927246443021,217
55.949606918264,-3.1927246443021,217
55.949636958166,-3.1927182753697,221
55.949667214091,-3.1927196502218,221
55.949691760473,-3.1927258911272,222
55.949727987294,-3.1927113505436,221
55.949727987294,-3.1927113505436,220
55.949727987294,-3.1927113505436,221
55.949727987294,-3.1927113505436,222
55.949727987702,-3.19271134976,221
55.949728013672,-3.1927112749337,222
55.949735755345,-3.1927123283312,222
55.949735755345,-3.1927123283312,223
55.949735755345,-3.1927123283312,224
55.949735755345,-3.1927123283312,224
55.949735755345,-3.1927123283312,224
55.949735755345,-3.1927123283312,224
55.949735755345,-3.1927123283312,225
55.949735757346,-3.1927123227165,228
55.949733678583,-3.1927081956823,227
55.949731737942,-3.1927044746086,227
55.949729399456,-3.1926996236007,226
55.949726838905,-3.1926936055546,226
55.949723974563,-3.1926861363617,226
55.949726151563,-3.1926732596331,222
55.949726832941,-3.1926748417512,219
55.949725677465,-3.1926743007029,216
55.949725581559,-3.1926659988815,215
55.94972612303,-3.1926587587665,211
55.949751164836,-3.1926633057189,202
55.949777422551,-3.1926709021014,196
55.949824474558,-3.1926922410999,192
55.95002000306,-3.1927861128773,199
55.950121102821,-3.1929142161913,191
55.950134738002,-3.1930325181174,199
55.950116887162,-3.1931808516178,201
55.950110606981,-3.1932530540329,203
55.950108043625,-3.1933345357495,200
55.950097403837,-3.1934190258742,194
55.950078290251,-3.1934993369844,195
55.950061006544,-3.1935840976177,195
55.950048957123,-3.1936541526358,193
55.950036644231,-3.1937262303768,199
55.950019579312,-3.1938941805408,198
55.950018156077,-3.193978256531,198
55.95002459441,-3.1941410414104,201
55.950044989977,-3.1942916052782,193
55.950058801831,-3.1943608155733,191
55.950074264929,-3.1944294342085,197
55.950110386666,-3.1945575102823,208
55.950131353987,-3.1946260237391,212
55.95020053404,-3.1948519321517,220
55.950225950044,-3.1949245758466,220
55.950254751604,-3.1950456220822,218
55.950269269227,-3.1951204102607,222
55.950269269227,-3.1951204102607,224
55.950269269227,-3.1951204102607,224
55.950269173159,-3.1951204321612,225
55.950255846571,-3.1951243984229,225
55.950255846571,-3.1951243984229,228
55.950255846571,-3.1951243984229,228
55.950255846571,-3.1951243984229,228
55.950255846571,-3.1951243984229,228
55.950255846571,-3.1951243984229,228
55.950255846571,-3.1951243984229,228
55.950255846571,-3.1951243984229,227
55.950255846571,-3.1951243984229,227
55.950255846571,-3.1951243984229,226
55.950255846571,-3.1951243984229,225
55.950255709269,-3.1951496126819,203
55.950248920215,-3.1952944040692,200
55.950243666486,-3.1953542296756,203
55.950237400144,-3.1954205622369,193
55.950230970127,-3.1954947491816,195
55.950226608691,-3.1955725367564,187
55.950230539322,-3.1956459075644,189
55.950240885227,-3.1957150785139,180
55.950259706316,-3.195774826889,180
55.950345725416,-3.1958817206648,154
55.950414083015,-3.195923396082,121
55.950448532331,-3.1959474153884,122
55.950528529305,-3.1959979808871,125
55.950573497111,-3.1960252443719,132
55.950620261004,-3.1960570596017,133
55.95066612348,-3.1960883226338,153
55.950948087494,-3.1962629613331,207
55.951031789441,-3.1963094218785,209
55.951072844028,-3.1963318729061,207
55.951142927537,-3.196381025909,198
55.951179972317,-3.1964034283625,192
55.951218134684,-3.196427519636,187
55.951259592303,-3.1964484997698,182
55.951306155308,-3.1964690676125,177
55.951353941399,-3.1964886172182,186
55.951391920438,-3.1965045728332,202
55.951488360232,-3.1965484531216,216
55.951519294074,-3.1965608627185,216
55.951532542402,-3.1965663759359,216
55.951532542402,-3.1965663759359,217
55.951532542402,-3.1965663759359,216
55.951532542402,-3.1965663759359,217
55.951532542402,-3.1965663759359,219
55.951532542402,-3.1965663759359,219
55.951532542402,-3.1965663759359,219
55.951532542402,-3.1965663759359,218
55.951532542402,-3.1965663759359,218
55.951532542402,-3.1965663759359,218
55.951532542402,-3.1965663759359,218
55.951532542402,-3.1965663759359,219
55.951532542402,-3.1965663759359,219
55.951532542402,-3.1965663759359,218
55.951532542402,-3.1965663759359,219
55.951532542402,-3.1965663759359,219
55.951541252171,-3.1965754155209,219
55.95156030317,-3.1965903144526,219
55.951583599998,-3.1966125809864,219
55.951609710458,-3.1966390059191,219
55.951643098712,-3.1966667611385,217
55.95167991106,-3.1966965034488,215
55.951723557837,-3.1967275151386,216
55.951777054111,-3.1967609555194,215
55.951827480731,-3.1967887730373,211
55.951864098446,-3.1967948716572,211
55.95190628276,-3.1967802992489,211
55.9519434083,-3.1967414773772,208
55.951976490557,-3.1966956889212,205
55.952013703314,-3.196643974032,203
55.952056535512,-3.1965915338023,209
55.95208810828,-3.1965528098879,205
55.952178185387,-3.1965300934976,199
55.952230724696,-3.1965459567041,203
55.952277075239,-3.1965712584865,204
55.952320214586,-3.1965954200535,205
55.952364127936,-3.1966198522504,209
55.952411663271,-3.1966433076324,213
55.952520355862,-3.196691208259,215
55.9526817536,-3.1967547178129,214
55.952739488796,-3.1967799302187,213
55.952787627678,-3.1968067058977,212
55.952883655633,-3.1968580396828,219
55.952930508967,-3.1968784079779,217
55.952963068655,-3.196898803752,218
55.952985955764,-3.1969126668684,219
55.953003840998,-3.1969224424649,218
55.953019898822,-3.1969328123952,217
55.953064306264,-3.1969587161931,214
55.95309830519,-3.1969750694134,211
55.953135993359,-3.1969934700499,209
55.953228340807,-3.1970384637807,210
55.953322831809,-3.1970853424148,201
55.953370648513,-3.1971103846219,199
55.953412160052,-3.1971391522291,192
55.953443766742,-3.1971697526389,186
55.953466622798,-3.1972036031305,189
55.953486446795,-3.1972407372257,191
55.953548502811,-3.1973221419614,216
55.953580514489,-3.1973583023733,218
55.953610262893,-3.1973859592064,219
55.953644468924,-3.1974141322558,221
55.953672219681,-3.1974342809311,220
55.953699047365,-3.1974499902868,220
55.953716974663,-3.1974660316012,220
55.953753440526,-3.1974816809211,221
55.953753440526,-3.1974816809211,221
55.953753440526,-3.1974816809211,222
55.953753440526,-3.1974816809211,222
55.953753440526,-3.1974816809211,222
55.953753440526,-3.1974816809211,222
55.953753440526,-3.1974816809211,222
55.953753440526,-3.1974816809211,222
55.953753440526,-3.1974816809211,222
55.953753440526,-3.1974816809211,222
55.953753440526,-3.1974816809211,222
55.953753440526,-3.1974816809211,222
55.953753440526,-3.1974816809211,222
55.953753440526,-3.1974816809211,222
55.953753440526,-3.1974816809211,221
55.953753440526,-3.1974816809211,221
55.953753440526,-3.1974816809211,221
55.953753440526,-3.1974816809211,221
55.953753440526,-3.1974816809211,221
55.953753440526,-3.1974816809211,221
55.953753440526,-3.1974816809211,221
55.953753440526,-3.1974816809211,222
55.953753440526,-3.1974816809211,223
55.953753440526,-3.1974816809211,223
55.953753440526,-3.1974816809211,223
55.953753440526,-3.1974816809211,224
55.953753440526,-3.1974816809211,223
55.953753440526,-3.1974816809211,223
55.953753440526,-3.1974816809211,223
55.953753440526,-3.1974816809211,224
55.953753440526,-3.1974816809211,224
55.953753440526,-3.1974816809211,224
55.953753440526,-3.1974816809211,223
55.953753440526,-3.1974816809211,223
55.953753440526,-3.1974816809211,223
55.953753440526,-3.1974816809211,224
55.953753440526,-3.1974816809211,223
55.953753440526,-3.1974816809211,222
55.953753440526,-3.1974816809211,222
55.953753440526,-3.1974816809211,222
55.953753440526,-3.1974816809211,222
55.953753440526,-3.1974816809211,221
55.953753440526,-3.1974816809211,222
55.953753440526,-3.1974816809211,223
55.953753440526,-3.1974816809211,222
55.953753440526,-3.1974816809211,221
55.953753440526,-3.1974816809211,220
55.953753440526,-3.1974816809211,218
55.953753440526,-3.1974816809211,215
55.953753440526,-3.1974816809211,216
55.95378259301,-3.1974900384956,220
55.953803641615,-3.1975005595751,221
55.953865931468,-3.1975258060756,220
55.953978116815,-3.1975779728019,220
55.954017182132,-3.1975936041061,221
55.954062335215,-3.1976121075794,220
55.954106800415,-3.1976316058681,218
55.954142728401,-3.1976515160774,223
55.954169755814,-3.1976766026978,223
55.954197274752,-3.1976992107671,224
55.954234183657,-3.1977177045034,220
55.954279744228,-3.1977257040956,221
55.95432170447,-3.1977314549297,223
55.954365022371,-3.1977369317899,223
55.954467677292,-3.1977477484569,226
55.954555710755,-3.1977479657542,224
55.954555710755,-3.1977479657542,224
55.954555710755,-3.1977479657542,224
55.954555710755,-3.1977479657542,224
55.954555710755,-3.1977479657542,223
55.954630073412,-3.1977625764644,224
55.954666894653,-3.197765327744,223
55.95493798438,-3.1979138508298,221
55.954955586685,-3.1979683125153,225
55.95495555132,-3.1980491218929,226
55.954933139477,-3.1981776026099,228
55.95492822251,-3.1982099806143,228
55.95492822251,-3.1982099806143,229
55.954929067201,-3.1982286819706,230
55.95492850849,-3.1982552472724,230
55.954907069589,-3.1984425734008,230
55.954907069589,-3.1984425734008,230
55.954907069589,-3.1984425734008,230
55.954907069589,-3.1984425734008,230
55.954907069589,-3.1984425734008,230
55.954907069589,-3.1984425734008,230
55.954907069589,-3.1984425734008,230
55.954907069589,-3.1984425734008,230
55.954907069589,-3.1984425734008,230
55.954907069589,-3.1984425734008,230
55.954907069589,-3.1984425734008,231
55.954907069589,-3.1984425734008,231
55.954907069589,-3.1984425734008,231
55.954907069589,-3.1984425734008,231
55.954907069589,-3.1984425734008,232
55.954907069589,-3.1984425734008,234
55.954907069589,-3.1984425734008,234
55.954907069589,-3.1984425734008,235
55.954907069589,-3.1984425734008,235
55.954907069589,-3.1984425734008,236
55.954907069589,-3.1984425734008,236
55.954907069589,-3.1984425734008,237
55.954907069589,-3.1984425734008,238
55.954907069589,-3.1984425734008,240
55.954907069589,-3.1984425734008,240
55.954907069589,-3.1984425734008,241
55.954907069589,-3.1984425734008,242
55.954907069589,-3.1984425734008,243
55.954907069589,-3.1984425734008,244
55.954907069589,-3.1984425734008,244
55.954907069589,-3.1984425734008,245
55.954907069589,-3.1984425734008,246
55.954907069589,-3.1984425734008,247
55.954907069589,-3.1984425734008,248
55.954907069589,-3.1984425734008,249
55.954907069589,-3.1984425734008,250
55.954907069589,-3.1984425734008,250
55.954907069589,-3.1984425734008,250
55.954907069589,-3.1984425734008,251
55.954907069589,-3.1984425734008,251
55.954907069589,-3.1984425734008,252
55.954907069589,-3.1984425734008,254
55.954907069589,-3.1984425734008,254
55.954907069589,-3.1984425734008,253
55.954907069589,-3.1984425734008,251
55.954907069589,-3.1984425734008,249
55.954907069589,-3.1984425734008,245
55.954907069589,-3.1984425734008,235
55.954906026883,-3.1984693661595,225
55.954898360189,-3.1985846601901,230
55.954884816651,-3.1986658659013,224
55.95487070982,-3.198760469771,226
55.954862771988,-3.1988441522689,226
55.954849515303,-3.1989418966076,219
55.954821880387,-3.1991479650923,222
55.954801183731,-3.1992646962724,218
55.954724567032,-3.1996954829773,215
55.954639580945,-3.2002590768791,208
55.954622133986,-3.2003791936326,209
55.954603271289,-3.2004908316952,210
55.954589091926,-3.2006048001959,207
55.954575864794,-3.2007122990236,213
55.954563762263,-3.2008193041047,210
55.954505924453,-3.20111081813,205
55.95448824115,-3.2012093718288,211
55.954464075833,-3.201311439594,214
55.954441523575,-3.2014155289505,210
55.954394479044,-3.201615993936,195
55.954366617,-3.2017119504655,194
55.954345715633,-3.20181098482,195
55.954328134249,-3.2019055751934,204
55.954305362023,-3.2020050702019,211
55.954284357102,-3.2021007283273,202
55.954262683679,-3.2021967720175,204
55.954242890671,-3.2022904641999,198
55.954223054457,-3.2023820097831,193
55.954210784768,-3.2024876622276,200
55.954197143702,-3.2025959374625,202
55.95418585077,-3.2026991210636,201
55.954178756598,-3.2027990589561,197
55.954172175046,-3.2029032444069,200
55.954163807144,-3.2030050978567,197
55.954072744713,-3.203621696259,185
55.954038931314,-3.2038421924199,184
55.954019119463,-3.2039447500331,186
55.954003758289,-3.2040466703514,183
55.953988103582,-3.204145219408,185
55.953971347144,-3.2042432029262,193
55.953912006917,-3.2045994121982,227
55.953898340057,-3.2046758870953,231
55.953886673913,-3.204749447145,228
55.953875499034,-3.204820802509,232
55.953864700936,-3.2048811435658,232
55.953857156021,-3.2049276932781,233
55.953853181605,-3.2049500773761,235
55.953853181605,-3.2049500773761,238
55.953853181605,-3.2049500773761,238
55.953853181605,-3.2049500773761,238
55.953853181605,-3.2049500773761,239
55.953853181605,-3.2049500773761,238
55.953853181605,-3.2049500773761,239
55.953853181605,-3.2049500773761,239
55.953853181605,-3.2049500773761,239
55.953853181605,-3.2049500773761,239
55.953853181605,-3.2049500773761,238
55.953853153906,-3.2049500582645,238
55.953857987246,-3.2049612771293,237
55.953855169075,-3.2049787127479,235
55.953851488846,-3.2050044810481,233
55.953843733716,-3.2050345479997,231
55.953827509532,-3.2051159422417,223
55.953815138671,-3.2051690059845,227
55.953801737596,-3.2052165255547,223
55.953762080255,-3.2053386964463,217
55.953715598787,-3.2054902707824,212
55.953633915774,-3.2058569781107,211
55.953619612845,-3.2059600254231,211
55.95361290001,-3.2060584934122,205
55.953609455189,-3.2061608994148,200
55.953590008847,-3.2068169769832,220
55.953579625273,-3.2069112948505,219
55.95356484624,-3.2070032564407,221
55.953548885618,-3.2070970582993,219
55.953536669608,-3.2071948524115,218
55.953521938168,-3.2072873255673,222
55.953508352799,-3.2073706420934,221
55.953483490931,-3.2074386954985,220
55.953449263848,-3.2074889132709,224
55.953415264393,-3.2075133758111,224
55.953309533118,-3.2074898561485,224
55.953265213809,-3.2074530108103,226
55.953215938888,-3.2074163362035,226
55.953178233106,-3.207402916631,234
55.953155757842,-3.207397327571,241
55.953155757842,-3.207397327571,244
55.953155757842,-3.207397327571,243
55.953155757842,-3.207397327571,243
55.953155757842,-3.207397327571,243
55.953155757842,-3.207397327571,246
55.953155757842,-3.207397327571,246
55.953155757842,-3.207397327571,246
55.953155757842,-3.207397327571,245
55.953155757842,-3.207397327571,245
55.953155757842,-3.207397327571,246
55.953155757842,-3.207397327571,247
55.953155757842,-3.207397327571,249
55.953155757842,-3.207397327571,248
55.953155757842,-3.207397327571,249
55.953155757842,-3.207397327571,249
55.953155757842,-3.207397327571,246
55.953155757842,-3.207397327571,247
55.953155757842,-3.207397327571,247
55.953155757842,-3.207397327571,246
55.953155757842,-3.207397327571,247
55.953155757842,-3.207397327571,249
55.953155757842,-3.207397327571,249
55.953155757842,-3.207397327571,248
55.953155757842,-3.207397327571,247
55.953155757842,-3.207397327571,247
55.953155757842,-3.207397327571,247
55.953155757842,-3.207397327571,246
55.953155757842,-3.207397327571,245
55.953155757842,-3.207397327571,244
55.953155757842,-3.207397327571,243
55.953155757838,-3.2073973275733,241
55.95315573815,-3.2073973780397,233
55.953110257679,-3.207372391462,223
55.953085653461,-3.2073594607633,221
55.952949129892,-3.2072607845765,209
55.952904484276,-3.2072280797241,212
55.952855958761,-3.2071911742677,223
55.952806476764,-3.2071506705092,225
55.952677488572,-3.2070797100413,240
55.952608701253,-3.2070966659077,239
55.952583992157,-3.2071196123743,239
55.952565363803,-3.2071490324087,239
55.952552348194,-3.207180193182,239
55.952544894691,-3.2072097310902,237
55.952541232005,-3.2072247166418,236
55.952541232005,-3.2072247166418,235
55.952541232005,-3.2072247166418,234
55.952541232005,-3.2072247166418,232
55.952541232005,-3.2072247166418,231
55.952541232005,-3.2072247166418,231
55.952541232005,-3.2072247166418,230
55.952541232007,-3.2072247166405,228
55.952541232159,-3.2072247163973,227
55.952541244185,-3.2072246903346,227
55.952538841428,-3.2072353687184,227
55.952532132202,-3.2072588856457,229
55.952525348911,-3.2072926503278,228
55.952519431709,-3.2073421878148,227
55.952513677151,-3.2073935650479,226
55.952505343273,-3.2074492045575,225
55.952496934378,-3.2075084174373,224
55.95248861814,-3.2075724113789,224
55.952477094752,-3.2076405133009,224
55.952452900895,-3.2077929071834,223
55.952441804231,-3.2078698337231,226
55.952433189878,-3.2079328604302,229
55.952414722645,-3.2080272504942,232
55.95241110691,-3.2080569364006,233
55.952407577737,-3.2080773648946,233
55.952407577737,-3.2080773648946,232
55.952407577737,-3.2080773648946,233
55.952407577737,-3.2080773648946,233
55.952407577737,-3.2080773648946,233
55.952407577737,-3.2080773648946,233
55.952407577737,-3.2080773648946,234
55.952407577737,-3.2080773648946,234
55.952407577737,-3.2080773648946,235
55.952407577737,-3.2080773648946,236
55.952407577737,-3.2080773648946,235
55.952407577737,-3.2080773648946,235
55.952407577736,-3.2080773648916,235
55.952407577684,-3.2080773646383,235
55.952405054638,-3.2080844134253,235
55.952400758805,-3.2081003531838,237
55.952395831666,-3.2081229655638,239
55.952392017302,-3.2081506334287,237
55.95238771897,-3.2081810573952,236
55.952365831733,-3.2083652562323,240
55.952356215368,-3.2084067137326,243
55.952347399549,-3.2084510581377,241
55.952072786497,-3.2088255250965,242
55.951950495324,-3.2088212307018,239
55.951904539919,-3.2087841911552,238
55.951858439692,-3.2087362804541,238
55.951685530313,-3.2085427949358,236
55.95165203807,-3.2085158263584,234
55.95163565055,-3.2085144780777,234
55.951624053225,-3.2085140184149,234
55.951616895905,-3.2085143850893,235
55.951616896063,-3.2085143851105,235
55.951611077983,-3.2085195223742,235
55.951598424186,-3.208575338681,234
55.951598452497,-3.2085950889328,234
55.951598505523,-3.2085952939611,234
55.951607676618,-3.2086313828761,234
55.951614426776,-3.2086542630209,233
55.951614426776,-3.2086542630209,232
55.951614426776,-3.2086542630209,232
55.951614426776,-3.2086542630209,231
55.951614426777,-3.2086542630237,231
55.95161442682,-3.2086542631733,230
55.951614429489,-3.2086542699923,230
55.95161468962,-3.2086544859782,228
55.951614689621,-3.208654485977,228
55.951614689127,-3.2086545190055,225
55.951592716128,-3.2086570826317,219
55.951559745783,-3.208658176866,229
55.951516258148,-3.2086678836453,228
55.951488010593,-3.2086637797417,226
55.951450165558,-3.2086563957927,225
55.951410575308,-3.2086580995166,225
55.951370674682,-3.2086621218244,224
55.951207151756,-3.2085951338414,224
55.951177286209,-3.2085438196804,229
55.951147341258,-3.2084832611549,229
55.951124297999,-3.2084161774673,229
55.951103044754,-3.2083535101079,229
55.9510810267,-3.2081663756426,228
55.951090921659,-3.2081168416068,228
55.951107294392,-3.2080169171779,228
55.951124389554,-3.2079000055377,227
55.951136508594,-3.2078263463882,225
55.951149030779,-3.207744259277,224
55.95116358387,-3.2076562851899,223
55.951178433962,-3.2075779292751,225
55.951188528532,-3.2075031441616,224
55.951198169512,-3.2074309917857,223
55.951206334974,-3.2073547103424,225
55.951231295182,-3.2069938456649,227
55.951231295182,-3.2069938456649,225
55.951241316209,-3.2069229377268,226
55.951326270257,-3.2065391377553,223
55.951356237692,-3.2064845416213,221
55.951385989985,-3.2064527832625,218
55.951413991973,-3.2064504713215,217
55.951440221955,-3.206458192297,227
55.951459933788,-3.2064665214504,227
55.951476359999,-3.2064674990189,227
55.951489222079,-3.2064729237986,227
55.951497126509,-3.2064783820101,229
55.951497126509,-3.2064783820101,229
55.951497126509,-3.2064783820101,229
55.951497126509,-3.2064783820101,229
55.951497126743,-3.2064783819516,231
55.951505414068,-3.2064754010146,231
55.951516626921,-3.2064720725995,232
55.951573009203,-3.2064532281118,231
55.951573009203,-3.2064532281118,232
55.951573009203,-3.2064532281118,234
55.951573009203,-3.2064532281118,234
55.951573009203,-3.2064532281118,233
55.951573009203,-3.2064532281118,233
55.951573009203,-3.2064532281118,233
55.951573009203,-3.2064532281118,233
55.951573009203,-3.2064532281118,233
55.951573009203,-3.2064532281118,233
55.951573009203,-3.2064532281118,232
55.951573009203,-3.2064532281118,233
55.951573009203,-3.2064532281118,233
55.951573009354,-3.2064532278232,232
55.951573036052,-3.2064532168496,232
55.951575186571,-3.2064551830518,230
55.951728603355,-3.2065363715197,216
55.951773795213,-3.2065468864567,227
55.951822650303,-3.2065528579604,228
55.951864774037,-3.206540135518,230
55.951898333168,-3.2065143024748,233
55.951926185312,-3.2064783299402,231
55.951948556176,-3.2064406377687,231
55.951981406071,-3.2063531972412,234
55.952009186025,-3.2062120565495,232
55.952009186025,-3.2062120565495,232
55.952009186025,-3.2062120565495,233
55.952009186025,-3.2062120565495,233
55.952009186025,-3.2062120565495,233
55.952009186025,-3.2062120565495,233
55.952009186025,-3.2062120565495,232
55.952009186025,-3.2062120565495,232
55.952009186025,-3.2062120565495,232
55.952009186025,-3.2062120565495,232
55.952009186025,-3.2062120565495,234
55.952009186025,-3.2062120565495,234
55.952009186025,-3.2062120565495,234
55.952009186025,-3.2062120565495,235
55.952009186025,-3.2062120565495,235
55.952009186025,-3.2062120565495,235
55.952009186025,-3.2062120565495,235
55.952009186025,-3.2062120565495,235
55.952009186025,-3.2062120565495,235
55.952009186025,-3.2062120565495,235
55.952009186025,-3.2062120565495,235
55.952009186025,-3.2062120565495,235
55.952009186025,-3.2062120565495,235
55.952009186025,-3.2062120565495,235
55.952009186025,-3.2062120565495,235
55.952009186025,-3.2062120565495,235
55.952009186025,-3.2062120565495,236
55.952009186025,-3.2062120565495,236
55.952009186025,-3.2062120565495,237
55.952009186025,-3.2062120565495,237
55.952009186025,-3.2062120565495,236
55.952009186025,-3.2062120565495,236
55.952009186025,-3.2062120565495,236
55.952009186025,-3.2062120565495,235
55.952009186025,-3.2062120565495,235
55.952009186025,-3.2062120565495,234
55.952009186025,-3.2062120565495,234
55.952009186025,-3.2062120565495,234
55.952009186025,-3.2062120565495,234
55.952009186011,-3.2062120565607,233
55.952009185151,-3.2062120573704,233
55.952009135803,-3.2062121184417,233
55.952004262506,-3.2062071305098,234
55.95200478065,-3.2061934958553,234
55.952007308096,-3.2061696849146,235
55.952004386041,-3.2061338890748,236
55.952010615674,-3.2060829654254,236
55.952016527508,-3.2060216793775,237
55.952029675939,-3.2058662658058,237
55.952041031201,-3.205740411789,238
55.95204609145,-3.2056845085147,236
55.952057169824,-3.2056315338166,236
55.952063808041,-3.2056220987517,236
55.952063808041,-3.2056220987517,236
55.952063808041,-3.2056220987517,236
55.952063808041,-3.2056220987517,235
55.952063808041,-3.2056220987517,235
55.952063808041,-3.2056220987517,234
55.952063808041,-3.2056220987517,234
55.952063808041,-3.2056220987517,234
55.952063808041,-3.2056220987517,234
55.952063808041,-3.2056220987517,234
55.952063808041,-3.2056220987517,235
55.952063808041,-3.2056220987517,235
55.952063808041,-3.2056220987517,236
55.952063808041,-3.2056220987517,236
55.952063808041,-3.2056220987517,236
55.952063808041,-3.2056220987517,236
55.952063808041,-3.2056220987517,235
55.952063808041,-3.2056220987517,235
55.952063808041,-3.2056220987517,235
55.952063808041,-3.2056220987517,235
55.952063808041,-3.2056220987517,235
55.952063808041,-3.2056220987517,235
55.952063808041,-3.2056220987517,234
55.952063808041,-3.2056220987517,234
55.952063808041,-3.2056220987517,234
55.952063808041,-3.2056220987517,234
55.952063808041,-3.2056220987517,234
55.952063808041,-3.2056220987517,233
55.952063808041,-3.2056220987517,233
55.952063808041,-3.2056220987517,233
55.952063808041,-3.2056220987517,233
55.952063808041,-3.2056220987517,233
55.952063808041,-3.2056220987517,234
55.952063808043,-3.2056220987555,235
55.952063834041,-3.2056221321741,236
55.952090763721,-3.2055694442815,236
55.952105372013,-3.2055353349503,236
55.952160115916,-3.2054146540789,235
55.952177246686,-3.205373268521,235
55.952204724296,-3.2052663098752,235
55.95221429562,-3.2052086497824,233
55.952225211014,-3.2051460420723,234
55.952286756399,-3.204747342762,228
55.952294474802,-3.2046658893781,228
55.952299349089,-3.2045794519695,227
55.952312073643,-3.2043980308269,230
55.952325722,-3.2043078907468,228
55.95235254461,-3.204132195197,226
55.952366117007,-3.2040487492072,227
55.952379000216,-3.2039652601086,228
55.952403860989,-3.2037999266679,231
55.952421092525,-3.2036365886735,230
55.952426514177,-3.2035581861929,232
55.952430490856,-3.2034807461213,235
55.95243600051,-3.2034048681654,233
55.952446943041,-3.2033378108599,233
55.952460845646,-3.2032519037141,234
55.952464365009,-3.203231389486,235
55.952468617889,-3.2032226574691,236
55.952474812609,-3.2032136988391,236
55.952507936257,-3.2031050513424,236
55.952507256199,-3.203069998123,236
55.952510336621,-3.2030449798975,236
55.952512706097,-3.2030338507751,235
55.952516525883,-3.2030297874062,234
55.952526628933,-3.2030236840827,234
55.952537536322,-3.203002126319,234
55.952546342243,-3.2029599315026,233
55.95256054325,-3.2029064819352,233
55.952572270832,-3.2028360982754,233
55.952583288973,-3.2027626651197,232
55.95259923046,-3.2026825494456,234
55.952615690799,-3.2026010084713,235
55.95263257403,-3.2025187759436,232
55.952649617552,-3.202437398817,236
55.952666100121,-3.2023567303248,237
55.952681868989,-3.2022776680838,238
55.952695610609,-3.2022038988874,238
55.952707573492,-3.2021349851952,238
55.952714189668,-3.2020666441956,241
55.952723794326,-3.2019965571812,242
55.95273651916,-3.2019253031584,242
55.952751671646,-3.2017838748864,242
55.952761555065,-3.2017158549152,242
55.952813641315,-3.2013249957871,245
55.952824855168,-3.2012425691138,247
55.952858856855,-3.20099604884,249
55.952870257232,-3.2009174336978,249
55.952877364679,-3.2008446838183,250
55.952880709958,-3.2007098428611,250
55.952884628531,-3.2005897111599,249
55.952884042784,-3.2005482395932,247
55.952883699522,-3.2005188108489,247
55.952883795813,-3.2005041269405,246
55.95288490444,-3.2004934997757,244
55.952886872669,-3.2004815980173,242
55.952888376556,-3.2004591947548,241
55.952892147814,-3.2004138997188,241
55.9528977793,-3.2003623942984,240
55.952907932942,-3.2003181432196,238
55.952918885408,-3.2002847134078,235
55.952952286255,-3.200264646756,228
55.95296965265,-3.200285438175,223
55.953040619583,-3.200416769284,236
55.953087105776,-3.2004499553946,237
55.953128946395,-3.2004851748237,235
55.953153839232,-3.2005008455145,232
55.953186136801,-3.2005264622113,229
55.95342687829,-3.200640316923,226
55.95346707178,-3.2006683979321,226
55.953505281958,-3.2006983674058,224
55.953541273668,-3.2007299280162,226
55.953577395269,-3.2007600651669,224
55.953611775897,-3.2007884367631,221
55.953645680872,-3.2008154687972,214
55.953679268381,-3.2008504212987,212
55.953716280181,-3.2008794635135,207
55.953752760911,-3.2009080289616,214
55.953789363084,-3.200939125749,227
55.953830532218,-3.2009676181992,228
55.953873007706,-3.2009981330026,230
55.953912444583,-3.2010264909371,236
55.953954795874,-3.2010555453597,234
55.953994360677,-3.2010846097668,234
55.954036119684,-3.2011115494586,234
55.954079932997,-3.2011348199398,233
55.954124118472,-3.2011555716215,235
55.954212162656,-3.2011711837727,238
55.954254571885,-3.2011863168374,237
55.954295175552,-3.2011964780837,238
55.954359059557,-3.2011857259968,238
55.954392823468,-3.2011376153934,239
55.954398945459,-3.201099818279,240
55.954406997599,-3.2010612301324,239
55.954411987263,-3.2010179108849,239
55.954417062612,-3.2009676646301,239
55.954452822374,-3.2007620098888,239
55.954472300443,-3.2006771038407,238
55.954509566164,-3.2004812097375,240
55.954544917243,-3.2002814546669,239
55.954572509904,-3.2000898056342,237
55.95457700766,-3.2000599457257,239
55.954581824342,-3.2000405689579,239
55.954588041345,-3.200024555182,239
55.954594909359,-3.2000017960921,240
55.954603736323,-3.199969668958,239
55.954612873713,-3.199933128461,239
55.954625693785,-3.1998835937953,239
55.954641601955,-3.1998198808972,238
55.954656977195,-3.19975130795,237
55.954671193169,-3.1996781964869,236
55.954686026707,-3.199599716325,233
55.954701829231,-3.1995188624454,233
55.954718873399,-3.1994330700607,233
55.954738505297,-3.1993400916385,229
55.954779916636,-3.1991424731705,232
55.954779916636,-3.1991424731705,233
55.954824328145,-3.198933941635,234
55.954848504023,-3.1988315637339,234
55.954869920211,-3.198732866426,235
55.954893517923,-3.1986389611421,236
55.954911118212,-3.1985466091793,238
55.954926057727,-3.1984516021971,236
55.954944505352,-3.1982526359974,235
55.954869902401,-3.1979509191284,235
55.954834443372,-3.1978970223759,234
55.954743519212,-3.1978066071722,231
55.954627931642,-3.1977051895739,242
55.954570253378,-3.1976405278435,242
55.954521228835,-3.1976028255392,241
55.954483984175,-3.1976171335147,243
55.954488631433,-3.1976500413734,243
55.954493080738,-3.1976823576412,244
55.954493080738,-3.1976823576412,244
55.954493081236,-3.1976823590782,244
55.95449313065,-3.1976825012431,243
55.954506312463,-3.1977550819078,243
55.954509583774,-3.1977909158858,240
55.954509583774,-3.1977909158858,238
55.954509583774,-3.1977909158858,233
55.954509583774,-3.1977909158858,233
55.954509583774,-3.1977909158858,233
55.954509583774,-3.1977909158858,232
55.954509583774,-3.1977909158858,231
55.954509583774,-3.1977909158858,228
55.954509583774,-3.1977909158858,228
55.954509583774,-3.1977909158858,228
55.954509583774,-3.1977909158858,227
55.954509583774,-3.1977909158858,226
55.954509583774,-3.1977909158858,226
55.954509583774,-3.1977909158858,226
55.954509583774,-3.1977909158858,225
55.954509583774,-3.1977909158858,223
55.954509583774,-3.1977909158858,225
55.954509583774,-3.1977909158858,234
55.954509583774,-3.1977909158858,240
55.954509583774,-3.1977909158858,240
55.954509583774,-3.1977909158858,241
55.954509583774,-3.1977909158859,243
55.954509583772,-3.1977909158977,243
55.95450833546,-3.1978020845148,245
55.95450833546,-3.1978020845148,246
55.95450833546,-3.1978020845148,247
55.95450833546,-3.197802084515,247
55.954508335453,-3.1978020845249,247
55.954508334694,-3.1978020847697,247
55.954508247918,-3.1978020369097,247
55.954501779387,-3.1977820233717,246
55.954501778614,-3.1977820223372,246
55.954501736778,-3.1977819900058,245
55.954514829425,-3.1977763577859,244
55.954517560828,-3.1977637999189,241
55.954508202357,-3.1977699826984,243
55.954493069464,-3.197771303527,244
55.954476588313,-3.1977701876146,241
55.954467389546,-3.1977808271432,245
55.95445624446,-3.1977887529118,247
55.954386769535,-3.1977686683118,242
55.95430621134,-3.1977517647981,248
55.954264626729,-3.1977370564747,245
55.954144830619,-3.1976814871852,248
55.954064836597,-3.1976440757765,243
55.954023083872,-3.1976170319485,245
55.953978177995,-3.1975928035168,244
55.953935504849,-3.1975717205864,241
55.953892883665,-3.1975530545201,238
55.953809318373,-3.1974817017621,243
55.953773621636,-3.1974630015766,239
55.953725615244,-3.1974566674365,245
55.953679319682,-3.1974541803294,249
55.953596858883,-3.1974619032068,247
55.953553948073,-3.1974450656966,251
55.95350407626,-3.1973640877784,254
55.953498311841,-3.1973095113449,255
55.953498146504,-3.1972559022005,255
55.953501387794,-3.1972018640264,255
55.953511407294,-3.1971453079641,256
55.953550349959,-3.1970158602099,258
55.953576333004,-3.196788210439,256
55.953582202752,-3.1966472888345,257
55.953580118323,-3.1965490555236,257
55.95359172241,-3.1964391275789,257
55.953603046453,-3.196399217598,259
55.953607696751,-3.1963835913983,260
55.953607696751,-3.1963835913983,260
55.953607696751,-3.1963835913983,260
55.953607696751,-3.1963835913983,260
55.953607696751,-3.1963835913983,261
55.953607696751,-3.1963835913983,261
55.953607696751,-3.1963835913983,261
55.953607696751,-3.1963835913983,261
55.953607696751,-3.1963835913983,261
55.953607696751,-3.1963835913983,261
55.953607696751,-3.1963835913983,261
55.953607696751,-3.1963835913983,261
55.953607696751,-3.1963835913983,261
55.953607696751,-3.1963835913983,261
55.953607696751,-3.1963835913983,262
55.953607696751,-3.1963835913983,262
55.953607696751,-3.1963835913983,262
55.953607696751,-3.1963835913983,263
55.953607696751,-3.1963835913983,263
55.953607696751,-3.1963835913983,263
55.953607696751,-3.1963835913983,263
55.953607696751,-3.1963835913983,263
55.953607696751,-3.1963835913983,263
55.953607696751,-3.1963835913983,263
55.953607696751,-3.1963835913983,264
55.953607696751,-3.1963835913983,264
55.953607696751,-3.1963835913983,264
55.953607696751,-3.1963835913983,264
55.953607696751,-3.1963835913983,264
55.953607696751,-3.1963835913983,264
55.953607696751,-3.1963835913983,264
55.953607696751,-3.1963835913983,264
55.953607696751,-3.1963835913983,264
55.953607696751,-3.1963835913983,264
55.953607696751,-3.1963835913983,264
55.953607696751,-3.1963835913983,265
55.953607696751,-3.1963835913983,265
55.953607696751,-3.1963835913983,265
55.953607696751,-3.1963835913983,266
55.953607696751,-3.1963835913983,267
55.953607696751,-3.1963835913983,266
55.953607696751,-3.1963835913983,266
55.953607696751,-3.1963835913983,269
55.953607696751,-3.1963835913983,269
55.953607696751,-3.1963835913983,269
55.953607696751,-3.1963835913983,268
55.953607696751,-3.1963835913983,269
55.953607696751,-3.1963835913983,268
55.953607696579,-3.19638359136,267
55.953607706337,-3.1963835978486,265
55.953608096919,-3.1963764242447,265
55.953615734564,-3.1963439632922,269
55.953618439377,-3.1963214931099,270
55.953650983072,-3.1961686286075,274
55.953664255214,-3.1961193743348,275
55.953690854384,-3.1960020661058,276
55.953718216393,-3.1958688570419,277
55.953729263367,-3.1957988038475,275
55.953742956987,-3.1957363725236,275
55.953752975596,-3.1956834344463,276
55.953770238894,-3.1955841249478,276
55.953778115257,-3.1955444482204,277
55.953790080225,-3.1954715731196,277
55.953792643794,-3.1954347884002,278
55.953790851862,-3.1954115617873,277
55.953790851342,-3.1954115610853,280
55.953778518882,-3.195405080084,280
55.953778518882,-3.195405080084,281
55.953778518882,-3.195405080084,281
55.953778518882,-3.195405080084,281
55.953778518881,-3.1954050800823,281
55.95377851881,-3.1954050798812,281
55.953778505472,-3.1954050624648,281
55.953779460343,-3.195396934759,281
55.953779460339,-3.1953969347586,281
55.953779459792,-3.1953969346944,282
55.953779398308,-3.1953969310279,282
55.953774227233,-3.1953921866452,282
55.953771152596,-3.1953869553314,282
55.953769280838,-3.1953837380012,282
55.95376735502,-3.1953822182678,283
55.953769006602,-3.1953825004442,283
55.953769006602,-3.1953825004442,283
55.953769006602,-3.1953825004442,284
55.953769000442,-3.1953825659093,284
55.953772841703,-3.1953876439069,285
55.953772841703,-3.1953876439069,284
55.953772841617,-3.1953876440044,285
55.95377284274,-3.1953876641044,286
55.95377369078,-3.1953801380867,287
55.953779294986,-3.1953456291066,288
55.953797770914,-3.1952662745618,288
55.953811370401,-3.1952238494662,288
55.953851927271,-3.1951246150156,290
55.953814424056,-3.1950864286895,291
55.953799536686,-3.1950738834902,292
55.953799536686,-3.1950738834902,292
55.953799536686,-3.1950738834902,292
55.953799536686,-3.1950738834902,292
55.953799536686,-3.1950738834902,292
55.953799536686,-3.1950738834902,292
55.953799536686,-3.1950738834902,292
55.953799536686,-3.1950738834902,292
55.953799536686,-3.1950738834902,292
55.953799536686,-3.1950738834902,294
55.953799536686,-3.1950738834902,294
55.953799536686,-3.1950738834902,292
55.953799536686,-3.1950738834902,295
55.953799536686,-3.1950738834902,296
55.953799536686,-3.1950738834902,296
55.953799536686,-3.1950738834902,293
55.953799536686,-3.1950738834902,293
55.953799536686,-3.1950738834902,299
55.953799536686,-3.1950738834902,296
55.953799536682,-3.1950738834959,300
55.953799536462,-3.1950738841109,300
55.953799528334,-3.1950739632768,300
55.953817020233,-3.1950278403672,301
55.95382679911,-3.1949947632775,300
55.953835985685,-3.1949576536294,299
55.953845296171,-3.1949168313388,299
55.953853188433,-3.1948738735199,297
55.953864619378,-3.1948286663592,295
55.953877807155,-3.1947752144798,289
55.953891402875,-3.1947207983825,286
55.953908165752,-3.1946579673871,281
55.953926318586,-3.1945905068956,285
55.953945936071,-3.1945187372884,280
55.953964213976,-3.1944486073179,281
55.95398008343,-3.1943242806741,288
55.953946236429,-3.1941636066028,298
55.953924449558,-3.1941303532691,297
55.953897974903,-3.1940987355678,297
55.953834867535,-3.1940393600279,293
55.953756957961,-3.1939593607242,282
55.953622603614,-3.1938721570474,264
55.953566843817,-3.1938361779997,270
55.953450556348,-3.193756191609,260
55.95339150669,-3.1937144540152,262
55.953279646297,-3.1936252187001,307
55.95323659071,-3.1935853722661,308
55.953173275788,-3.193583491406,310
55.953137681549,-3.1935678513666,309
55.953073495366,-3.1935572937376,308
55.952989035818,-3.1935379762214,312
55.952963082395,-3.1935258089936,313
55.952936581607,-3.1935115286597,314
55.952907956886,-3.1935036741466,313
55.95288567661,-3.1935178984949,313
55.952848434911,-3.1935357296261,313
55.952809599281,-3.1935654777005,311
55.952785426289,-3.1935743341631,309
55.952760469153,-3.1935739110775,313
55.952737912105,-3.1935647089695,313
55.952709268274,-3.1935439403119,313
55.952666450784,-3.1934762605889,313
55.952671586726,-3.1933201578656,316
55.952679947488,-3.1932602198004,317
55.952694783011,-3.1932068709599,317
55.952764965738,-3.1929493606275,313
55.952777051655,-3.1928700402381,313
55.952780897392,-3.1927793519419,310
55.952776452604,-3.1926783506868,319
55.95276249967,-3.1925702067674,319
55.952758595926,-3.1924677391655,319
55.952750441554,-3.192388264729,319
55.952724498128,-3.192324635983,318
55.952641161488,-3.1922060746406,318
55.952609330554,-3.192187782181,319
55.952534211048,-3.1921701107977,324
55.952506722723,-3.1921748046592,323
55.952433154715,-3.1921251290104,323
55.952433154715,-3.1921251290104,323
55.952433154715,-3.1921251290104,324
55.952433154715,-3.1921251290104,325
55.952433154715,-3.1921251290104,325
55.952433154715,-3.1921251290104,328
55.952433154715,-3.1921251290104,331
55.952433154715,-3.1921251290104,330
55.952433154715,-3.1921251290104,333
55.952433154715,-3.1921251290104,335
55.952433154715,-3.1921251290104,336
55.952433154715,-3.1921251290104,336
55.952433154715,-3.1921251290104,336
55.952433154715,-3.1921251290104,336
55.952433154715,-3.1921251290104,336
55.952433154715,-3.1921251290104,337
55.952433154715,-3.1921251290104,337
55.952433154715,-3.1921251290104,337
55.952433154715,-3.1921251290104,337
55.952433154715,-3.1921251290104,338
55.952433154715,-3.1921251290104,339
55.952433154715,-3.1921251290104,340
55.952433154715,-3.1921251290104,341
55.952433154715,-3.1921251290104,339
55.952433154715,-3.1921251290104,341
55.952433154715,-3.1921251290104,343
55.952433154715,-3.1921251290104,346
55.952423298954,-3.1921207990373,344
55.952405999868,-3.1921132880177,343
55.952389888547,-3.1921034361472,343
55.952375733406,-3.1920926779694,342
55.952330116237,-3.1920482632358,335
55.952315304538,-3.1920377167709,343
55.952308040752,-3.1920366188302,343
55.952308040752,-3.1920366188302,342
55.952308040752,-3.1920366188302,341
55.952308040752,-3.1920366188302,351
55.952308040752,-3.1920366188302,351
55.952308040752,-3.1920366188302,353
55.952308040752,-3.1920366188302,355
55.952308040752,-3.1920366188302,352
55.952308040752,-3.1920366188302,356
55.952308040752,-3.1920366188302,363
55.952308040752,-3.1920366188302,367
55.952308040752,-3.1920366188302,368
55.952308040752,-3.1920366188302,368
55.952308040752,-3.1920366188302,367
55.952308040752,-3.1920366188302,372
55.952308040752,-3.1920366188302,371
55.952308040752,-3.1920366188302,372
55.952308040752,-3.1920366188302,372
55.952308040752,-3.1920366188302,372
55.952308040752,-3.1920366188302,376
55.952308040752,-3.1920366188302,373
55.952308040752,-3.1920366188302,370
55.952308040752,-3.1920366188302,373
55.952308040752,-3.1920366188302,375
55.952308040752,-3.1920366188302,370
55.952308040752,-3.1920366188302,381
55.952231916603,-3.1921958983804,381
55.952231916603,-3.1921958983804,389
55.952231916603,-3.1921958983804,389
55.952231916603,-3.1921958983804,389
55.952231916603,-3.1921958983804,393
55.952231916603,-3.1921958983804,392
55.952231916603,-3.1921958983804,396
55.952231916603,-3.1921958983804,396
55.952231916603,-3.1921958983804,397
55.952231916603,-3.1921958983804,397
55.952231916603,-3.1921958983804,397
55.952231916603,-3.1921958983804,399
55.952231916603,-3.1921958983804,402
55.952231916603,-3.1921958983804,402
55.952231916603,-3.1921958983804,401
55.952231916603,-3.1921958983804,406
55.952231916603,-3.1921958983804,409
55.952231916603,-3.1921958983804,413
55.952231916603,-3.1921958983804,413
55.952231916603,-3.1921958983804,410
55.952231916603,-3.1921958983804,414
55.952231916603,-3.1921958983804,413
55.952231916603,-3.1921958983804,411
55.952231916603,-3.1921958983804,408
55.952231916603,-3.1921958983804,427
55.952231916603,-3.1921958983804,432
55.952231916603,-3.1921958983804,432
55.952231916603,-3.1921958983804,431
55.952301535009,-3.1921120491077,435
55.952301535009,-3.1921120491077,438
55.952301535009,-3.1921120491077,440
55.952301535009,-3.1921120491077,440
55.952301535009,-3.1921120491077,441
55.952301535009,-3.1921120491077,445
55.952301535009,-3.1921120491077,446
55.952301535009,-3.1921120491077,447
55.952301535009,-3.1921120491077,448
55.952301535009,-3.1921120491077,447
55.952301535009,-3.1921120491077,455
55.952301535009,-3.1921120491077,456
55.952301535009,-3.1921120491077,457
55.952301535009,-3.1921120491077,459
55.952301535009,-3.1921120491077,463
55.952301535009,-3.1921120491077,464
55.952301535009,-3.1921120491077,463
55.952301535009,-3.1921120491077,467
55.952301535009,-3.1921120491077,474
55.952301535009,-3.1921120491077,479
55.952301535009,-3.1921120491077,480
55.952301535009,-3.1921120491077,481
55.952301535009,-3.1921120491077,491
55.952301535009,-3.1921120491077,493
55.952301535009,-3.1921120491077,495
55.952301535009,-3.1921120491077,497
55.952301535009,-3.1921120491077,499
55.952301535009,-3.1921120491077,500
55.952301535009,-3.1921120491077,504
55.952301535009,-3.1921120491077,509
55.952301535009,-3.1921120491077,512
55.952301535009,-3.1921120491077,513
55.952301535009,-3.1921120491077,516
55.952301535009,-3.1921120491077,518
55.952301535009,-3.1921120491077,519
55.952301535009,-3.1921120491077,534
55.952301535009,-3.1921120491077,536
55.952301535009,-3.1921120491077,541
55.952301535009,-3.1921120491077,543
55.952301535009,-3.1921120491077,548
55.952301535009,-3.1921120491077,548
55.952301535009,-3.1921120491077,551
55.952301535009,-3.1921120491077,553
55.952301535009,-3.1921120491077,559
55.952301535009,-3.1921120491077,561
55.952301535009,-3.1921120491077,563
55.952301535009,-3.1921120491077,565
55.952301535009,-3.1921120491077,568
55.952301535009,-3.1921120491077,570
55.952301535009,-3.1921120491077,575
55.952301535009,-3.1921120491077,577
55.952301535009,-3.1921120491077,579
55.952301535009,-3.1921120491077,580
55.952301535009,-3.1921120491077,585
55.952301535009,-3.1921120491077,591
55.952301535009,-3.1921120491077,594
55.952301535009,-3.1921120491077,598
55.952301535009,-3.1921120491077,602
55.952301535009,-3.1921120491077,609
55.952301535009,-3.1921120491077,627
55.952301535009,-3.1921120491077,636
55.952301535009,-3.1921120491077,644
55.952301535009,-3.1921120491077,648
55.952301535009,-3.1921120491077,660
55.952301535009,-3.1921120491077,661
55.952259696058,-3.1920290667376,680
55.952259696058,-3.1920290667376,685
55.952259696058,-3.1920290667376,689
55.952259696058,-3.1920290667376,701
55.952259696058,-3.1920290667376,720
