Latitude, Longitude, Air Quality
55.943915786273,-3.213930269544,168
55.943854917542,-3.2140404300873,189
55.943801122924,-3.2141495959316,217
55.943754136812,-3.2142570297529,244
55.943676502049,-3.2144390578608,305
55.943637452066,-3.2145125857724,340
55.943619375759,-3.2145518998577,348
55.943605425999,-3.2145788513324,343
55.943570626881,-3.2146646106173,301
55.94355246398,-3.2147026663871,281
55.94355246398,-3.2147026663871,258
55.943502578223,-3.21479626354,235
55.943377086022,-3.2150486047633,170
55.94326731175,-3.2152305237081,140
55.943164784207,-3.2153659657013,123
55.942907569834,-3.2156667116289,99
55.942829677053,-3.2157414035631,97
55.942635411067,-3.2159458120487,87
55.942510860782,-3.216066876618,82
55.942407673761,-3.2162063253547,81
55.942330029278,-3.2163835709878,79
55.942254305524,-3.2165850838403,72
55.942179121866,-3.2167784460624,72
55.942112716934,-3.2169934259633,68
55.942048813736,-3.2171892418988,65
55.941971684468,-3.2174133339091,67
55.941905143942,-3.217626923202,71
55.941827653801,-3.2178518006923,76
55.941756285375,-3.2180661152457,75
55.94157415489,-3.2185082669429,79
55.941482087038,-3.218705270797,82
55.941377226128,-3.2188932587073,81
55.941183538393,-3.2193303397858,80
55.941093777044,-3.219544636097,86
55.940914267506,-3.220011926219,86
55.940819995317,-3.2202370322176,94
55.940725129779,-3.2204629472283,99
55.940637681838,-3.220677267608,113
55.940554458447,-3.2208826001786,126
55.940470757365,-3.2210580739285,142
55.940389816114,-3.221231033864,159
55.940253988433,-3.2215137109242,191
55.940186356765,-3.2216542528386,196
55.940061401977,-3.2219104786056,205
55.940004836652,-3.2220251193698,219
55.939956689127,-3.2221354203315,228
55.939911025519,-3.2222482740488,238
55.939855463774,-3.2223663888804,263
55.939799233684,-3.2224830415249,288
55.939694664789,-3.2226810916898,284
55.93964216681,-3.2227682547198,281
55.939586216073,-3.2228441768311,298
55.939523548048,-3.2229229455562,321
55.939403435414,-3.2230745304022,335
55.939347654128,-3.2231429410807,330
55.939295318053,-3.2232241073053,355
55.939248986014,-3.2232941569696,371
55.93920646198,-3.2233595679354,382
55.93917665445,-3.2234328944801,393
55.939155338683,-3.2235104532579,413
55.939139967666,-3.2235909771266,422
55.939126106758,-3.2236755230857,423
55.939109855439,-3.2237433196488,432
55.939099159903,-3.2238061398207,437
55.939094099026,-3.223866890297,436
55.939092963238,-3.2239358774547,449
55.939093849418,-3.2239964776646,464
55.939099513173,-3.224041712008,473
55.93910576117,-3.2240707627896,475
55.93911123357,-3.2241005221466,480
55.939114869867,-3.2241689583836,482
55.939116346787,-3.2241836138137,483
55.93911898466,-3.2242076442021,484
55.939121390238,-3.2242415253657,484
55.939120149478,-3.2243523134447,481
55.939118553893,-3.2244246501394,479
55.939117927987,-3.2245984245025,470
55.939121917303,-3.2247017608582,458
55.939127087403,-3.2248090933267,452
55.939129415087,-3.224933980447,442
55.939132376062,-3.2250605143093,420
55.939140812874,-3.2252010533825,415
55.939178534837,-3.2256088783189,431
55.939189388037,-3.2257101109876,439
55.939200881989,-3.2258422198241,444
55.939200897812,-3.2259757590551,448
55.939202725176,-3.2260682776168,453
55.939210964253,-3.2261507953305,444
55.939373207115,-3.2260425444813,512
55.939406904892,-3.2259816778169,515
55.93944168155,-3.2259181955175,528
55.93947035026,-3.2258665102483,534
55.93947035026,-3.2258665102483,545
55.939524101378,-3.2257646891888,578
55.939545646921,-3.2257167977776,634
55.939554264154,-3.2257024598665,621
55.939552176177,-3.2257066631788,597
55.939549695749,-3.2257116030896,582
55.939547343408,-3.2257170014115,578
55.939545272639,-3.2257240063947,559
55.939543613031,-3.2257325487274,524
55.9395424282,-3.225756368133,514
55.939542590375,-3.2257721671517,498
55.939543727851,-3.2257902617552,478
55.939545147872,-3.2258063430363,445
55.939549437523,-3.2258440377216,429
55.939551937227,-3.2258655558608,427
55.939562708335,-3.225856180774,430
55.939562708335,-3.225856180774,435
55.939562708335,-3.225856180774,444
55.939562708335,-3.225856180774,449
55.939562708335,-3.225856180774,435
55.939562708335,-3.225856180774,437
55.939562708335,-3.225856180774,434
55.939562708335,-3.225856180774,419
55.939562708335,-3.225856180774,413
55.939562708335,-3.225856180774,400
55.939562708335,-3.225856180774,398
55.939562708335,-3.225856180774,399
55.939562708335,-3.225856180774,398
55.939562708335,-3.225856180774,398
55.939562708335,-3.225856180774,398
55.939576924764,-3.2258364368477,396
55.939596101145,-3.2258037894257,390
55.939624752655,-3.2257565799035,382
55.93966340257,-3.2256975367745,372
55.939707821743,-3.2256333945229,356
55.939745240532,-3.2255728749136,335
55.939800367062,-3.2254906284892,308
55.939846746393,-3.2254185345604,279
55.93988951727,-3.2253494420329,267
55.939937140441,-3.2252838699515,244
55.939990359273,-3.2252067788938,229
55.940108878811,-3.2250427710595,201
55.940175430608,-3.2249529143277,196
55.940240354196,-3.2248696261735,191
55.940311999557,-3.2247768584969,193
55.940385540268,-3.2246799109054,188
55.940451282928,-3.2245832593728,178
55.940513286356,-3.2244862321759,178
55.940581226237,-3.2243832793247,181
55.940655173729,-3.2242746062058,181
55.940729826548,-3.2241634774095,193
55.940805926313,-3.2240513865783,197
55.940880835672,-3.2239369994717,189
55.940943105308,-3.2238312121636,199
55.940991710962,-3.2237435098274,201
55.941036457119,-3.223653210179,213
55.941082327803,-3.2235660627432,227
55.941183807955,-3.2234047633472,232
55.941232707201,-3.2233356914645,226
55.941282710289,-3.2232618020922,234
55.941335265041,-3.2231830109483,221
55.941451984669,-3.2230081071979,216
55.941567728385,-3.2228517274727,218
55.941706905309,-3.2226819963941,223
55.941768842255,-3.2226037141065,225
55.941829481608,-3.2225274881102,240
55.941888024398,-3.2224558792885,232
55.941942431511,-3.2223789643678,233
55.941998771534,-3.2223126286179,229
55.942049972524,-3.2222472777499,228
55.942098856629,-3.2221850412675,221
55.942150504735,-3.2221130558478,204
55.942204225898,-3.2220104896111,222
55.942258002971,-3.2219004971177,230
55.942323765454,-3.2218013570577,251
55.942386563122,-3.2217029547429,254
55.942452262277,-3.2216141963391,265
55.942558983003,-3.2214409285614,297
55.942649562506,-3.2212749010489,305
55.942676758491,-3.2212070339443,305
55.942713426187,-3.2211420515272,345
55.942766180597,-3.2211153690597,345
55.942786417363,-3.2211360320007,360
55.942800279072,-3.2211453340324,365
55.942818129678,-3.2211640466373,366
55.942837374932,-3.2211835217003,367
55.942846532547,-3.2211948015491,364
55.942863450487,-3.2212066029178,360
55.942885854605,-3.221227735814,358
55.942909382133,-3.221267397342,352
55.942922833321,-3.2212946193101,345
55.942944200156,-3.2213395483098,338
55.942969456498,-3.2213864362874,331
55.942998099298,-3.2214443517038,327
55.94301488248,-3.2214772566101,325
55.943029335318,-3.2215140563535,335
55.943078643692,-3.2216789509232,363
55.943105082616,-3.2217229543987,377
55.943127503052,-3.2217585655242,392
55.943225978047,-3.2218333670512,327
55.943262747159,-3.2218777916679,322
55.94328367104,-3.2220483326291,303
55.943098258632,-3.2221350090851,292
55.943086881287,-3.2220977393777,314
55.943083342652,-3.2218958177808,334
55.943083342652,-3.2218958177808,334
55.943083342652,-3.2218958177808,335
55.943083342652,-3.2218958177808,336
55.943083342652,-3.2218958177808,337
55.943083342652,-3.2218958177808,337
55.943083342652,-3.2218958177808,338
55.943083342652,-3.2218958177808,338
55.943083342652,-3.2218958177808,339
55.943083342652,-3.2218958177808,340
55.943083342652,-3.2218958177808,340
55.943083342652,-3.2218958177808,341
55.943083342652,-3.2218958177808,341
55.943083342652,-3.2218958177808,342
55.943083342652,-3.2218958177808,343
55.943083342652,-3.2218958177808,343
55.943083342652,-3.2218958177808,346
55.943194036884,-3.2219725242229,418
55.943194036884,-3.2219725242229,418
55.943194036884,-3.2219725242229,418
55.943194036884,-3.2219725242229,419
55.943194036884,-3.2219725242229,420
55.943192270571,-3.2219388749594,419
55.943172908094,-3.221864458853,420
55.943154036737,-3.2218242094951,416
55.943135836923,-3.221790332408,409
55.943112665676,-3.2217590548869,405
55.943090795271,-3.2217292442332,401
55.943068601496,-3.2216971781331,397
55.943047885443,-3.221663703279,395
55.943030947212,-3.2216321475451,394
55.943015738427,-3.2216005312467,397
55.943003182606,-3.221573001593,408
55.942989206694,-3.2215412641326,425
55.942973440919,-3.2215058296695,434
55.942960518087,-3.2214652876794,437
55.94294866606,-3.2214391471507,437
55.94290541389,-3.2213570825943,438
55.942892403094,-3.221325738706,437
55.942886122925,-3.221303340054,440
55.942883493025,-3.2212843983158,440
55.942881768111,-3.2212607202084,442
55.942882951769,-3.2211705473642,438
55.942884094629,-3.2211267495094,456
55.942895442659,-3.2210818800733,469
55.942903747644,-3.2210416054919,473
55.942870581783,-3.2209450767633,476
55.942870581783,-3.2209450767633,480
55.942870581783,-3.2209450767633,493
55.942870581783,-3.2209450767633,516
55.942870581783,-3.2209450767633,517
55.942870581783,-3.2209450767633,512
55.942870581783,-3.2209450767633,505
55.942870581783,-3.2209450767633,494
55.942870581783,-3.2209450767633,483
55.942870581783,-3.2209450767633,469
55.942873889951,-3.2209145683482,464
55.942905270938,-3.2208406556684,461
55.942929315993,-3.2208001716473,454
55.942959539557,-3.2207539034479,455
55.942987834564,-3.2207153060992,465
55.943006286435,-3.2206958261924,483
55.943030462345,-3.2206711736689,489
55.943063585898,-3.2206369631607,486
55.943063585898,-3.2206369631607,485
55.943114977991,-3.2205698749556,492
55.943114977991,-3.2205698749556,498
55.943114977991,-3.2205698749556,501
55.943114977991,-3.2205698749556,504
55.943114977991,-3.2205698749556,504
55.943114977991,-3.2205698749556,505
55.943114977991,-3.2205698749556,504
55.943114977991,-3.2205698749556,500
55.943114977991,-3.2205698749556,497
55.943121812289,-3.2205574347436,492
55.943135829144,-3.2205309313379,482
55.943158019804,-3.2204926231632,472
55.943181742532,-3.2204369703866,453
55.943199644883,-3.2203939600679,447
55.943223613166,-3.2203265655665,437
55.943255663374,-3.2202361987022,417
55.94332700224,-3.2200569003925,392
55.943406023006,-3.2198688714744,351
55.943444848145,-3.2197739723584,360
55.943571920086,-3.2194514071505,376
55.943600623045,-3.2193609086331,384
55.943677327187,-3.2191257439306,389
55.943717288602,-3.2190247464629,379
55.943756733932,-3.218926560671,392
55.94383830792,-3.2187289208521,406
55.943948351694,-3.2184766530313,425
55.943997235526,-3.2183882749582,413
55.944060731268,-3.2183120332954,419
55.94413512607,-3.2182318096051,419
55.944204303649,-3.2181694212068,417
55.944277022524,-3.2181053737904,408
55.944339209255,-3.2180578637757,402
55.944470001452,-3.2179568432707,400
55.944613744663,-3.2178419864308,395
55.944688442205,-3.2177895159963,385
55.94476259353,-3.2177376123665,384
55.944841039061,-3.2176824691321,387
55.944997892767,-3.2175679702315,0
55.945083934203,-3.217506925173,372
55.945172252348,-3.217446617616,376
55.945424665771,-3.2172866860349,400
55.945508433514,-3.217234809276,402
55.945595053084,-3.2171775404824,412
55.945671268318,-3.2171328050156,404
55.945748045184,-3.2170831345481,409
55.945825686439,-3.2170284756799,427
55.945897822092,-3.2169740874606,430
55.945955770475,-3.2169215840898,418
55.946008025073,-3.2168661040607,428
55.946055491486,-3.2168079125576,426
55.946096224788,-3.2167490054532,435
55.946124905669,-3.216670623916,452
55.946147253818,-3.2165865594764,463
55.946162673825,-3.2163906787894,442
55.946171560675,-3.216300525334,452
55.946179101347,-3.2162114043435,450
55.946184205848,-3.2161209943046,443
55.946188486974,-3.2160320423401,443
55.946185370472,-3.2158491776101,431
55.946182684292,-3.2157509381165,416
55.946170665384,-3.2155630285771,381
55.946169157164,-3.2154783519437,368
55.946170670207,-3.2153843453015,364
55.946172100871,-3.2152838773537,352
55.946173819893,-3.2151817460147,356
55.946178789962,-3.2149683755898,360
55.946187204695,-3.2148534001965,371
55.946198596596,-3.21472560367,374
55.946210737388,-3.2145997388263,402
55.946221757007,-3.2144819243626,436
55.946244678713,-3.2142804030047,502
55.946259255553,-3.2141046296763,576
55.946251134083,-3.2140240787352,611
55.946210017594,-3.213916557477,630
55.946210017594,-3.213916557477,628
55.946210017594,-3.213916557477,593
55.946210017594,-3.213916557477,586
55.946210017594,-3.213916557477,589
55.946210017594,-3.213916557477,620
55.946210017594,-3.213916557477,606
55.946210017594,-3.213916557477,552
55.946210017594,-3.213916557477,551
55.946210017594,-3.213916557477,554
55.946210017594,-3.213916557477,556
55.946210017594,-3.213916557477,553
55.946210017594,-3.213916557477,550
55.946210017594,-3.213916557477,553
55.946210017594,-3.213916557477,555
55.946210017594,-3.213916557477,558
55.946210017594,-3.213916557477,566
55.946210017594,-3.213916557477,568
55.946210017594,-3.213916557477,566
55.946210017594,-3.213916557477,565
55.946210017594,-3.213916557477,560
55.946210017594,-3.213916557477,552
55.946210017594,-3.213916557477,552
55.946210017594,-3.213916557477,552
55.946210017594,-3.213916557477,545
55.946210017594,-3.213916557477,536
55.946210017594,-3.213916557477,541
55.946210017594,-3.213916557477,552
55.946210017594,-3.213916557477,544
55.946210017594,-3.213916557477,533
55.946210017594,-3.213916557477,530
55.946210017594,-3.213916557477,525
55.946210017594,-3.213916557477,525
55.946210017594,-3.213916557477,517
55.946210017594,-3.213916557477,512
55.946210017594,-3.213916557477,515
55.946210017594,-3.213916557477,516
55.946210017594,-3.213916557477,520
55.946210017594,-3.213916557477,526
55.946210017594,-3.213916557477,522
55.946210017594,-3.213916557477,520
55.946210017594,-3.213916557477,519
55.946210017594,-3.213916557477,522
55.946210017594,-3.213916557477,514
55.946210017594,-3.213916557477,521
55.946210017594,-3.213916557477,522
55.946210017594,-3.213916557477,504
55.946210017594,-3.213916557477,481
55.946210017594,-3.213916557477,467
55.946210017594,-3.213916557477,423
55.946210017594,-3.213916557477,415
55.946210017594,-3.213916557477,408
55.946205797173,-3.2138691478416,399
55.946204572244,-3.2138207392709,383
55.946201659986,-3.2137721221647,358
55.946200152378,-3.2136984608271,331
55.946200710731,-3.2135929432709,299
55.94620044023,-3.2134834604302,281
55.946199973098,-3.2133549971627,259
55.946199650381,-3.2132216304766,255
55.946198107841,-3.21308990129,248
55.94618829628,-3.2126915428399,241
55.946181275096,-3.2123888392951,237
55.946176055467,-3.2122339020075,245
55.946176055467,-3.2122339020075,247
55.946162859614,-3.2120832929024,257
55.946128668491,-3.2117974342795,267
55.946107392015,-3.2116695396065,274
55.946107392015,-3.2116695396065,282
55.946081815411,-3.2115574998577,298
55.946046076672,-3.2114447283957,301
55.946005858578,-3.211346996116,301
55.945981908095,-3.2112575276672,326
55.94592224178,-3.21106231959,353
55.945887372995,-3.2109764032534,370
55.945853695922,-3.2109141747002,382
55.945887294518,-3.2108896815028,430
55.945887294518,-3.2108896815028,444
55.945887294518,-3.2108896815028,444
55.945887294518,-3.2108896815028,442
55.945887294518,-3.2108896815028,443
55.945887294518,-3.2108896815028,442
55.945887294518,-3.2108896815028,446
55.945887294518,-3.2108896815028,440
55.945887294518,-3.2108896815028,441
55.945887294518,-3.2108896815028,441
55.945887294518,-3.2108896815028,445
55.945887294518,-3.2108896815028,449
55.945887294518,-3.2108896815028,452
55.945887294518,-3.2108896815028,458
55.945887294518,-3.2108896815028,461
55.945887294518,-3.2108896815028,464
55.945887294518,-3.2108896815028,470
55.945887294518,-3.2108896815028,477
55.945887294518,-3.2108896815028,494
55.945887294518,-3.2108896815028,511
55.945887294518,-3.2108896815028,538
55.945887294518,-3.2108896815028,542
55.945887294518,-3.2108896815028,547
55.945887294518,-3.2108896815028,557
55.945887294518,-3.2108896815028,576
55.945887294518,-3.2108896815028,574
55.945887294518,-3.2108896815028,546
55.945887294518,-3.2108896815028,518
55.945887294518,-3.2108896815028,495
55.945887294518,-3.2108896815028,458
55.945887294518,-3.2108896815028,419
55.945887294518,-3.2108896815028,411
55.94585291876,-3.2108652092985,401
55.945756990037,-3.2107987548501,360
55.945717815171,-3.2107706824444,337
55.94567366219,-3.2107345491761,315
55.945624716123,-3.2106926280023,297
55.945576394381,-3.210640963475,291
55.945481500172,-3.2105051718794,281
55.945404591334,-3.2103266626259,257
55.945372837361,-3.2102215455471,242
55.945337206501,-3.2101029202392,242
55.945290505025,-3.2100078869389,238
55.94519343474,-3.2098377577898,248
55.945140211541,-3.2097859048022,248
55.945085107915,-3.2097458785804,248
55.945031777237,-3.2097341035124,250
55.944970633967,-3.2097248590408,252
55.944914142234,-3.2097356314075,255
55.944691750895,-3.2097732770381,286
55.944644645763,-3.2097701626152,296
55.944594397638,-3.2097210592209,289
55.944433218298,-3.2095399558349,246
55.944356603462,-3.2094821794543,246
55.944276169944,-3.2094283363335,242
55.944195364727,-3.2093788458139,247
55.944110675206,-3.2093379221539,255
55.944024034411,-3.2092819326922,258
55.943940922465,-3.209231944271,265
55.943863500997,-3.2091833759444,277
55.943786355786,-3.2091219784529,289
55.943717889827,-3.2090756852722,293
55.943656346251,-3.2090218472969,291
55.943618351376,-3.2089875713595,281
55.943586667482,-3.208942553683,289
55.943543456899,-3.2088847216374,312
55.943488056163,-3.2088313558248,345
55.943427070697,-3.2087897531849,376
55.943358713806,-3.2087211509157,414
55.943358713806,-3.2087211509157,424
55.943378178483,-3.2086346748496,415
55.943378178483,-3.2086346748496,415
55.943378178483,-3.2086346748496,417
55.943378178483,-3.2086346748496,417
55.943378178483,-3.2086346748496,418
55.943378178483,-3.2086346748496,417
55.943380460284,-3.2085643975679,410
55.943380863732,-3.2085158563313,406
55.943372272417,-3.2084439399006,416
55.943367783261,-3.2084278608753,429
55.943367783261,-3.2084278608753,426
55.943403913739,-3.2082806946869,401
55.943433290027,-3.2081445136833,364
55.943453116696,-3.2080678654263,342
55.94347135199,-3.2079922688654,320
55.943488717299,-3.2079094013696,296
55.943505334829,-3.2078202878505,273
55.943505334829,-3.2078202878505,247
55.94356747015,-3.2076248120212,228
55.943613355482,-3.2075264491834,211
55.943669233105,-3.2074196383457,199
55.943731278858,-3.2073047253436,207
55.943801107815,-3.2071890194483,216
55.943873626303,-3.2070648279081,235
55.943949827135,-3.2069291146032,242
55.944017217586,-3.2068007709347,242
55.944132049592,-3.2065786213326,248
55.944191540213,-3.2064652037551,262
55.944351578851,-3.2061790607994,248
55.944454465631,-3.2059710145931,272
55.944496431778,-3.2058504191439,284
55.944543672576,-3.2057304562087,307
55.944581926417,-3.2055981526564,317
55.944654850093,-3.2053695292343,320
55.944735619075,-3.2051591784644,343
55.944775907809,-3.2050577182688,368
55.944823284965,-3.2049490623981,420
55.944907820296,-3.2047680182301,462
55.944956261565,-3.2046232132463,495
55.944956261565,-3.2046232132463,472
55.944956261565,-3.2046232132463,375
55.944956261565,-3.2046232132463,370
55.944956261565,-3.2046232132463,371
55.944956261565,-3.2046232132463,371
55.944956261565,-3.2046232132463,371
55.944956261565,-3.2046232132463,371
55.944956261565,-3.2046232132463,372
55.944956261565,-3.2046232132463,374
55.944956261565,-3.2046232132463,374
55.944956261565,-3.2046232132463,375
55.944956261565,-3.2046232132463,376
55.944956261565,-3.2046232132463,377
55.944956261565,-3.2046232132463,381
55.944956261565,-3.2046232132463,382
55.944956261565,-3.2046232132463,384
55.944956261565,-3.2046232132463,386
55.944956261565,-3.2046232132463,388
55.944956261565,-3.2046232132463,389
55.944956261565,-3.2046232132463,393
55.944956261565,-3.2046232132463,399
55.944956261565,-3.2046232132463,401
55.944956261565,-3.2046232132463,403
55.944956261565,-3.2046232132463,406
55.944956261565,-3.2046232132463,411
55.944956261565,-3.2046232132463,413
55.944956261565,-3.2046232132463,415
55.944956261565,-3.2046232132463,420
55.944956261565,-3.2046232132463,428
55.944956261565,-3.2046232132463,430
55.944956261565,-3.2046232132463,433
55.944956261565,-3.2046232132463,436
55.944956261565,-3.2046232132463,439
55.944956261565,-3.2046232132463,442
55.944956261565,-3.2046232132463,446
55.944956261565,-3.2046232132463,450
55.944956261565,-3.2046232132463,456
55.944956261565,-3.2046232132463,484
55.944956261565,-3.2046232132463,485
55.944956261565,-3.2046232132463,485
55.944956261565,-3.2046232132463,482
55.944956261565,-3.2046232132463,483
55.944965263623,-3.2046028933564,481
55.944977120751,-3.2045791986552,476
55.945029200578,-3.2044749618225,449
55.945058996818,-3.2044106535524,437
55.945125117403,-3.2042577210394,429
55.945286975188,-3.2038493443362,425
55.945394862583,-3.20359723016,444
55.945565776365,-3.2032896524763,463
55.945627478233,-3.2031797814088,468
55.94576171633,-3.2029096254336,471
55.94582409028,-3.2027779535275,472
55.945965557307,-3.2024378672429,470
55.945984463364,-3.2023404399993,455
55.94599306199,-3.202265707586,465
55.9460231682,-3.202095017713,459
55.946048776531,-3.2019969581298,464
55.946082675018,-3.2018916606484,468
55.946131802713,-3.201789382954,484
55.946189584494,-3.2016841507197,488
55.946247064087,-3.201578057205,501
55.946405848023,-3.2012696879204,538
55.946443207146,-3.2011690983102,527
55.946485626623,-3.2010671111635,540
55.946561182828,-3.2009092926317,552
55.946575704139,-3.2008579808994,571
55.946574174963,-3.2008147095879,552
55.946578880463,-3.2007714672983,544
55.946585256628,-3.2007410547362,547
55.946592629169,-3.200713575917,551
55.94653693545,-3.2006717199097,568
55.94653693545,-3.2006717199097,456
55.94653693545,-3.2006717199097,447
55.94653693545,-3.2006717199097,454
55.94653693545,-3.2006717199097,464
55.94653693545,-3.2006717199097,470
55.94653693545,-3.2006717199097,475
55.94653693545,-3.2006717199097,479
55.94653693545,-3.2006717199097,482
55.94653693545,-3.2006717199097,488
55.946463592517,-3.2005676243705,495
55.946463592517,-3.2005676243705,503
55.946463592517,-3.2005676243705,506
55.946463592517,-3.2005676243705,508
55.946463592517,-3.2005676243705,498
55.946463592517,-3.2005676243705,493
55.946463592517,-3.2005676243705,485
55.946463592517,-3.2005676243705,485
55.946463592517,-3.2005676243705,490
55.946431370124,-3.2005024939361,488
55.946410729715,-3.2004085038889,481
55.946392821134,-3.2003175786801,464
55.946383654658,-3.2002354319654,438
55.946393010606,-3.2001472011696,427
55.946405876066,-3.2000454754184,406
55.946420108698,-3.1999326204694,385
55.946442173324,-3.1996429805475,361
55.94646568872,-3.1991664380747,320
55.946489244474,-3.1990056050936,316
55.946513508268,-3.1988610653508,322
55.946538974416,-3.1987424171052,321
55.946614058536,-3.198489322951,294
55.946658250904,-3.1983635699265,288
55.946808025691,-3.1979629501817,293
55.946857458832,-3.1978167854502,298
55.946901880073,-3.1976759364365,302
55.946953834632,-3.1975146116334,305
55.947058782882,-3.1971973553359,275
55.94720103172,-3.1967006337444,292
55.947340951103,-3.1962049984343,315
55.947384440214,-3.1960449815538,309
55.947424111434,-3.1958810888038,312
55.947461438646,-3.1957134047074,323
55.947592209263,-3.1953035731788,336
55.947659389605,-3.1950470959914,363
55.947695832153,-3.1949190147067,366
55.947730050513,-3.1947952096167,375
55.947764046956,-3.1946644430852,372
55.947795975911,-3.194532903359,385
55.947829184112,-3.194274611498,404
55.94783405915,-3.1941516576191,407
55.947836399939,-3.1940226424158,411
55.947830784088,-3.1938972934375,399
55.947839155814,-3.1937506595434,389
55.947892390561,-3.1935109330713,377
55.947937136475,-3.1933409534946,375
55.947985003798,-3.193154013548,336
55.948003717283,-3.193033962462,334
55.948041902084,-3.1929178614769,338
55.948071711889,-3.1927893838722,346
55.948086063363,-3.1926448903686,333
55.948100701086,-3.1923307808908,319
55.948116138648,-3.1921812065422,316
55.948138652704,-3.1920398745572,305
55.948173581021,-3.1918911537632,310
55.948206751552,-3.1917520367562,316
55.948241175423,-3.1916074590798,324
55.948269221236,-3.1914546231834,343
55.948295895016,-3.1913093622315,352
55.948319109499,-3.1911648540558,349
55.948342758409,-3.1910246579214,367
55.948364598991,-3.190890375539,365
55.948441222343,-3.1905028222689,357
55.948463365461,-3.1903464029446,328
55.948486260628,-3.1901630186646,313
55.948508554634,-3.1899796006348,328
55.948547750553,-3.1896388407531,362
55.948547750553,-3.1896388407531,373
55.948583645816,-3.1893191175123,379
55.948605648705,-3.1891692240486,386
55.948627599238,-3.1890247275942,396
55.948648690497,-3.1888658808268,408
55.948668218467,-3.1887122260593,418
55.94869562696,-3.1884030331402,409
55.948699358141,-3.1882647322332,389
55.948703663851,-3.1881057898005,376
55.94870685026,-3.1879513906753,348
55.948713321892,-3.1876349444207,322
55.948715983262,-3.1875202796037,341
55.948724585254,-3.1874167591035,350
55.948737745869,-3.1873222285294,331
55.948755747454,-3.1872159510941,332
55.948759748133,-3.1870954624014,322
55.948781640832,-3.1869664240925,312
55.948878605121,-3.186590775513,320
55.94890802735,-3.1864656030828,344
55.948945095199,-3.1862155507992,388
55.948961472995,-3.1860948594429,386
55.948983465123,-3.1859725432046,371
55.949006658058,-3.1858459718187,364
55.949025295785,-3.1857154022255,357
55.949037924844,-3.1855852330847,342
55.949049510991,-3.1854693116145,326
55.949053036565,-3.1852391825983,336
55.949066139058,-3.1851222427545,330
55.94907811873,-3.1850138288487,311
55.94909334138,-3.1849026169438,319
55.949111184035,-3.184792330554,329
55.94913125071,-3.1846820562717,328
55.949148077676,-3.1845530554926,322
55.949159501001,-3.1844295626944,312
55.949167313901,-3.1843126958796,293
55.949172259541,-3.1841973461748,299
55.94919653331,-3.1839511824714,286
55.949204157313,-3.1838372412369,277
55.949207228279,-3.1837239221759,258
55.949207153008,-3.1836110812568,258
55.949210782857,-3.1834893137053,245
55.949212121976,-3.1833732797175,231
55.949210092432,-3.1832463581,238
55.949211455617,-3.1830060970864,259
55.949216603036,-3.1827556243564,225
55.949216514546,-3.1826205775118,224
55.949216479446,-3.1824971052671,229
55.949219284123,-3.1823793034998,220
55.949224694977,-3.1822658263543,236
55.949246785588,-3.1821291106576,254
55.949276216853,-3.181994197112,249
55.949297569479,-3.181869249109,248
55.949319566529,-3.1817261551427,255
55.949325226791,-3.1816114950203,255
55.949363982434,-3.1811477069607,289
55.949374013845,-3.1810205837212,301
55.949383075556,-3.1807881910164,337
55.949377573208,-3.1807071085249,343
55.949366007352,-3.1804355266302,359
55.949366007352,-3.1804355266302,363
55.949366007352,-3.1804355266302,367
55.949366007352,-3.1804355266302,367
55.949366007352,-3.1804355266302,366
55.949366007352,-3.1804355266302,368
55.949366007352,-3.1804355266302,372
55.949366007352,-3.1804355266302,373
55.949366007352,-3.1804355266302,373
55.949366007352,-3.1804355266302,374
55.949366007352,-3.1804355266302,375
55.949366007352,-3.1804355266302,377
55.949366007352,-3.1804355266302,378
55.949366007352,-3.1804355266302,380
55.949366007352,-3.1804355266302,381
55.949366007352,-3.1804355266302,389
55.949366007352,-3.1804355266302,392
55.949366007352,-3.1804355266302,395
55.949366007352,-3.1804355266302,397
55.949366007352,-3.1804355266302,400
55.949366007352,-3.1804355266302,403
55.949366007352,-3.1804355266302,405
55.949366007352,-3.1804355266302,408
55.949366007352,-3.1804355266302,404
55.949366007352,-3.1804355266302,405
55.949366007352,-3.1804355266302,407
55.949366007352,-3.1804355266302,412
55.949366007352,-3.1804355266302,415
55.949366007352,-3.1804355266302,417
55.949366007352,-3.1804355266302,421
55.949366007352,-3.1804355266302,424
55.949366007352,-3.1804355266302,426
55.949366007352,-3.1804355266302,428
55.949366007352,-3.1804355266302,429
55.949366007352,-3.1804355266302,426
55.949373979116,-3.1804014702422,420
55.949427078012,-3.180253833423,399
55.949449216445,-3.1801994603971,393
55.949534231558,-3.1800083293875,353
55.94960680782,-3.1798158445574,316
55.949645564439,-3.179704004928,310
55.949681361059,-3.1796025503822,312
55.94971824307,-3.179492515679,311
55.949760428516,-3.1793676000896,308
55.949861151194,-3.1790711891556,333
55.949900367002,-3.1789727740941,335
55.949952764483,-3.1788483684021,334
55.950000031974,-3.1787201815707,347
55.950039446567,-3.1786084051067,356
55.950231764658,-3.1780249400703,276
55.950273629231,-3.1779020813303,281
55.950356431665,-3.177668178766,275
55.950397534596,-3.1775520809213,286
55.950439381278,-3.1774343745814,302
55.950484588262,-3.1773141544599,309
55.950530213776,-3.1771965535057,321
55.95057482268,-3.1770860882699,314
55.950669595724,-3.1768602518629,331
55.950717283501,-3.1767548105913,326
55.950765798154,-3.1766581395082,330
55.950814015466,-3.176566188977,319
55.950863058344,-3.1764821832193,319
55.95093851185,-3.1763354887487,284
55.95095471827,-3.176237428249,276
55.950948905428,-3.1761564011119,272
55.950842873831,-3.1759562260952,285
55.950787432341,-3.1758843242411,303
55.950724585908,-3.175802525284,300
55.950667111733,-3.1757306659844,295
55.950619415679,-3.1756674862424,294
55.950569797913,-3.17559720941,282
55.950518061138,-3.1755217102092,270
55.950406352593,-3.175367092933,251
55.950215959838,-3.175146425847,247
55.950146067554,-3.1750679546901,254
55.950069285498,-3.1749855539023,270
55.949998342574,-3.1749160226516,283
55.949924342894,-3.1748464415781,300
55.949849116503,-3.1747882120094,316
55.949711420779,-3.1746954255515,337
55.949603816664,-3.1745360234228,395
55.949609445862,-3.1743565616654,407
55.949654490938,-3.174293364645,404
55.949703192362,-3.1742408782211,384
55.949820181687,-3.1740500867381,367
55.949920187145,-3.1737909620829,302
55.949998628678,-3.1735689825669,283
55.950038117416,-3.1734543019945,272
55.950078566731,-3.1733353534517,265
55.950124106173,-3.173207079018,258
55.95016722744,-3.1730781124119,250
55.950208339245,-3.1729590304288,255
55.950257197724,-3.1728196076392,240
55.950302866055,-3.1726886630102,240
55.950440371645,-3.1722594124759,253
55.950484048415,-3.1721095242274,260
55.950527619849,-3.1719596017813,260
55.950566673583,-3.171815301702,278
55.950597746497,-3.1716712172717,289
55.95064453502,-3.1714252379338,317
55.95073800453,-3.1709639635983,311
55.950763219777,-3.1708391700741,309
55.950815953382,-3.1705807913712,311
55.950841839392,-3.1704484382492,303
55.950866430416,-3.1703153445705,301
55.950891675942,-3.1701765842886,309
55.950914340211,-3.1700387437537,309
55.950937020627,-3.1698997403413,277
55.95096053078,-3.1697599669517,270
55.950983496631,-3.1696256616783,273
55.951028808029,-3.1693536263449,246
55.951052138132,-3.1692135390489,248
55.951099281555,-3.1689285654661,253
55.951121766238,-3.1687969498267,264
55.951144497203,-3.168659248315,263
55.9511672706,-3.1685201702279,263
55.951190377389,-3.1683747514644,261
55.951213087929,-3.1682316934858,264
55.95127837581,-3.1678090321544,250
55.951324708313,-3.1675291235342,251
55.951348050314,-3.1673899862776,246
55.951394540352,-3.1671120079048,235
55.951417057002,-3.1669780738709,233
55.95146217036,-3.1667086487765,229
55.951485015518,-3.1665724775542,217
55.951507538439,-3.166438626301,213
55.951577587943,-3.1660402405218,223
55.951641837028,-3.1656330369182,234
55.9516614132,-3.1654958823892,236
55.951683443238,-3.1653580601865,239
55.951726352369,-3.1650897660684,235
55.951789875795,-3.16468643283,234
55.951838412902,-3.1644200809487,240
55.951864728427,-3.1642900495944,242
55.951939364326,-3.1639078538461,215
55.95198902929,-3.1636471521762,218
55.952042356832,-3.163387970466,221
55.952071245483,-3.1632590022151,220
55.952104780814,-3.1631235520941,223
55.952138457121,-3.1629957107249,234
55.952176262964,-3.1628628942951,252
55.952214168812,-3.1627400417472,254
55.952295930645,-3.1625022375415,245
55.952337469204,-3.1623904529077,245
55.952380508893,-3.1622796452014,249
55.952422951505,-3.162170905414,251
55.952467334956,-3.1620623840504,255
55.952512898354,-3.1619583324375,261
55.952556699334,-3.1618578979741,256
55.952644757791,-3.161656355602,264
55.952685215991,-3.1615588167156,262
55.952730881599,-3.1614554360704,249
55.952819469597,-3.1612431235183,235
55.952861509306,-3.1611430401278,226
55.953043135904,-3.1607270022367,233
55.953089622515,-3.1606242536242,242
55.953142415326,-3.1605103611598,242
55.953194143366,-3.1604034756412,252
55.953298918023,-3.160188346576,270
55.953350049474,-3.1600833380443,278
55.953497794059,-3.1597998358231,269
55.953592389413,-3.1596142951884,256
55.953643459775,-3.1595166131915,232
55.953757309426,-3.1593220487572,218
55.953814822248,-3.1592225978506,210
55.95394403407,-3.1590057368847,202
55.954017793897,-3.158885878733,203
55.954092206838,-3.1587652782312,207
55.954328388582,-3.1583158013741,240
55.954422043143,-3.158137315892,267
55.954458572863,-3.1580761897158,282
55.954556770126,-3.1577231433364,306
55.954545983361,-3.1576648171636,310
55.954523230144,-3.157622440557,310
55.954511023599,-3.1575709293665,312
55.954496327603,-3.1575208697292,310
55.95447162861,-3.1574188047131,304
55.954453403204,-3.1573075301107,306
55.954448142754,-3.1572547596885,318
55.954453193763,-3.1571931237072,323
55.954457191725,-3.1571411048259,328
55.954457765431,-3.1570719323608,339
55.95445353895,-3.1569776935025,345
55.954447482146,-3.1568957833814,348
55.954403889088,-3.1567929760332,374
55.954403889088,-3.1567929760332,380
55.954403889088,-3.1567929760332,390
55.954403889088,-3.1567929760332,394
55.954403889088,-3.1567929760332,392
55.954403889088,-3.1567929760332,381
55.954403889088,-3.1567929760332,374
55.954403889088,-3.1567929760332,370
55.954403889088,-3.1567929760332,366
55.954403889088,-3.1567929760332,363
55.954403889088,-3.1567929760332,364
55.954403889088,-3.1567929760332,368
55.954403889088,-3.1567929760332,374
55.954403889088,-3.1567929760332,382
55.954403889088,-3.1567929760332,384
55.954403889088,-3.1567929760332,386
55.954403889088,-3.1567929760332,387
55.954403889088,-3.1567929760332,391
55.954403889088,-3.1567929760332,394
55.954403889088,-3.1567929760332,383
55.954403889088,-3.1567929760332,379
55.954403889088,-3.1567929760332,375
55.954403889088,-3.1567929760332,367
55.954403889088,-3.1567929760332,366
55.954403889088,-3.1567929760332,360
55.954403889088,-3.1567929760332,356
55.954403889088,-3.1567929760332,357
55.954403889088,-3.1567929760332,356
55.954403889088,-3.1567929760332,357
55.954324735464,-3.1567281422303,364