0 55.965680517 -3.170415405 55.9660343333 -3.17005733333 45.2360045189 2013-08-09 19:17:31
0 55.9664428775 -3.1697422374 55.9660343333 -3.17005733333 49.4999093013 2013-08-09 19:20:17
0 55.9656482907 -3.1703482943 55.9660343333 -3.17005733333 46.6077260076 2013-08-09 21:03:52
0 55.9663618013 -3.1696454699 55.9660343333 -3.17005733333 44.5522700866 2013-08-09 21:09:30
0 55.9656565874 -3.1704117693 55.9660343333 -3.17005733333 47.4639977781 2013-08-09 22:52:28
0 55.9663316688 -3.169462949 55.9660343333 -3.17005733333 49.6446379791 2013-08-09 23:12:56
0 55.966399985 -3.1697436878 55.9660343333 -3.17005733333 45.1204998541 2013-08-10 08:10:24
0 55.9656433831 -3.1702246708 55.9660343333 -3.17005733333 44.7171951179 2013-08-10 09:50:57
0 55.9663610656 -3.1696376515 55.9660343333 -3.17005733333 44.7680206162 2013-08-10 10:06:26
0 55.9656344416 -3.170171192 55.9660343333 -3.17005733333 45.041829362 2013-08-10 12:09:59
0 55.9663844617 -3.1697319024 55.9660343333 -3.17005733333 43.9045924265 2013-08-10 12:13:40
0 55.9656538689 -3.1703825542 55.9660343333 -3.17005733333 46.9178998025 2013-08-10 14:36:02
0 55.9664182504 -3.1697190843 55.9660343333 -3.17005733333 47.6180622138 2013-08-10 14:38:42
0 55.9655948649 -3.1699949622 55.9660343333 -3.17005733333 49.0362189047 2013-08-10 16:48:06
0 55.9662437105 -3.1695141439 55.9660343333 -3.17005733333 41.0755912743 2013-08-10 16:54:47
0 55.9427488086 -3.2116550116 55.9428103333 -3.210974 42.9686682742 2013-08-09 18:43:45
0 55.9429309311 -3.210347769 55.9428103333 -3.210974 41.2499263392 2013-08-09 19:42:36
0 55.9427760559 -3.2117671338 55.9428103333 -3.210974 49.551203675 2013-08-09 20:42:16
0 55.9429658955 -3.2102791076 55.9428103333 -3.210974 46.6152141565 2013-08-09 21:32:32
0 55.9427776508 -3.2117667201 55.9428103333 -3.210974 49.5121696366 2013-08-09 22:32:23
0 55.9429630807 -3.2103025575 55.9428103333 -3.210974 45.1433613253 2013-08-09 23:30:49
0 55.9429727726 -3.2103052198 55.9428103333 -3.210974 45.4078472778 2013-08-10 08:28:06
0 55.9427573781 -3.2116293793 55.9428103333 -3.210974 41.2463203626 2013-08-10 09:26:21
0 55.9429819295 -3.2102546769 55.9428103333 -3.210974 48.7025117461 2013-08-10 10:29:19
0 55.9427522735 -3.2117483326 55.9428103333 -3.210974 48.663590923 2013-08-10 11:41:51
0 55.942951805 -3.210341116 55.9428103333 -3.210974 42.4469044247 2013-08-10 12:44:19
0 55.9428006611 -3.2117018064 55.9428103333 -3.210974 45.3478241354 2013-08-10 13:55:01
0 55.9429711009 -3.2103376042 55.9428103333 -3.210974 43.4877997909 2013-08-10 15:06:00
0 55.9427974585 -3.2117386264 55.9428103333 -3.210974 47.6501027601 2013-08-10 16:15:00
0 55.9430648119 -3.2103370661 55.9428103333 -3.210974 48.7368954096 2013-08-10 17:16:37
0 55.942775504 -3.2117730913 55.9428103333 -3.210974 49.9259303229 2013-08-10 18:30:54
0 55.9647300191 -3.1706181799 55.9651055 -3.17032425 45.601635165 2013-08-09 19:17:11
0 55.9654739716 -3.1700842719 55.9651055 -3.17032425 43.6259997557 2013-08-09 19:20:47
0 55.9647077972 -3.17060787 55.9651055 -3.17032425 47.6337937552 2013-08-09 21:03:39
0 55.9655227898 -3.1701762835 55.9651055 -3.17032425 47.321407951 2013-08-09 21:09:43
0 55.96474408 -3.1706095398 55.9651055 -3.17032425 43.9533600993 2013-08-09 22:52:12
0 55.965439724 -3.169847315 55.9651055 -3.17032425 47.5879951284 2013-08-09 23:13:03
0 55.9654890235 -3.1700673509 55.9651055 -3.17032425 45.5619285425 2013-08-10 08:10:37
0 55.9647448689 -3.1705448979 55.9651055 -3.17032425 42.402292618 2013-08-10 09:50:46
0 55.965517119 -3.1701913547 55.9651055 -3.17032425 46.5267198503 2013-08-10 10:06:40
0 55.9647355623 -3.1706284026 55.9651055 -3.17032425 45.3002225643 2013-08-10 12:09:46
0 55.9655158855 -3.1700439291 55.9651055 -3.17032425 48.8728767532 2013-08-10 12:13:51
0 55.9647126939 -3.1706025257 55.9651055 -3.17032425 47.0046353636 2013-08-10 14:35:44
0 55.9654972383 -3.1700849057 55.9651055 -3.17032425 46.0530324927 2013-08-10 14:39:01
0 55.9646987231 -3.1704597348 55.9651055 -3.17032425 46.0261287283 2013-08-10 16:47:57
0 55.9654687419 -3.1698926589 55.9651055 -3.17032425 48.5301315816 2013-08-10 16:54:55
0 55.9511983041 -3.2022866063 55.9512068 -3.2014862 49.8662634114 2013-08-09 18:53:49
0 55.9512942187 -3.2007479928 55.9512068 -3.2014862 46.999761439 2013-08-09 19:35:50
0 55.9511994692 -3.2022752192 55.9512068 -3.2014862 49.1547696135 2013-08-09 20:49:41
0 55.9512952578 -3.2007444729 55.9512068 -3.2014862 47.2382326684 2013-08-09 21:24:53
0 55.951201015 -3.2022518234 55.9512068 -3.2014862 47.6950223614 2013-08-09 22:39:56
0 55.9513001897 -3.2007276004 55.9512068 -3.2014862 48.3814742909 2013-08-09 23:23:46
0 55.9512916322 -3.2007631954 55.9512068 -3.2014862 46.0138383325 2013-08-10 08:22:08
0 55.9512074551 -3.2022282683 55.9512068 -3.2014862 46.2234918407 2013-08-10 09:36:24
0 55.9513017114 -3.2007219753 55.9512068 -3.2014862 48.7601142466 2013-08-10 10:23:32
0 55.9512110832 -3.2022412598 55.9512068 -3.2014862 47.0350878445 2013-08-10 11:49:34
0 55.9513033505 -3.2007331492 55.9512068 -3.2014862 48.1211970113 2013-08-10 12:37:41
0 55.9512059809 -3.2022379978 55.9512068 -3.2014862 46.8295735894 2013-08-10 14:03:22
0 55.9513044866 -3.2007191266 55.9512068 -3.2014862 49.0008895171 2013-08-10 14:58:26
0 55.9511998041 -3.2022883746 55.9512068 -3.2014862 49.9735146463 2013-08-10 16:22:32
0 55.951295102 -3.2007604847 55.9512068 -3.2014862 46.2595164488 2013-08-10 17:10:15
0 55.9512081381 -3.2022290351 55.9512068 -3.2014862 46.2714377542 2013-08-10 18:38:04
0 55.9566654082 -3.1858975975 55.957075 -3.18560875 48.9830199552 2013-08-09 19:09:39
0 55.9573052781 -3.1849862499 55.957075 -3.18560875 46.4716070979 2013-08-09 19:26:17
0 55.957051943 -3.18634233 55.957075 -3.18560875 45.7666119697 2013-08-09 20:57:24
0 55.9573490216 -3.1850154387 55.957075 -3.18560875 47.9045062919 2013-08-09 21:16:17
0 55.9568015197 -3.1862456461 55.957075 -3.18560875 49.9921656526 2013-08-09 22:46:50
0 55.9573400027 -3.1850753468 55.957075 -3.18560875 44.4161625817 2013-08-09 23:17:28
0 55.9573378012 -3.185062944 55.957075 -3.18560875 44.8369805236 2013-08-10 08:15:00
0 55.9570804497 -3.1863391632 55.957075 -3.18560875 45.5014761028 2013-08-10 09:44:16
0 55.9573972749 -3.1850767929 55.957075 -3.18560875 48.815467783 2013-08-10 10:13:04
0 55.9568188749 -3.1862250451 55.957075 -3.18560875 47.8051087905 2013-08-10 12:02:54
0 55.9573099061 -3.1849319178 55.957075 -3.18560875 49.5999931089 2013-08-10 12:21:44
0 55.9568636865 -3.1861851642 55.957075 -3.18560875 42.9140352383 2013-08-10 14:29:04
0 55.9574175445 -3.1851304809 55.957075 -3.18560875 48.3655846854 2013-08-10 14:48:05
0 55.9570259931 -3.1863630699 55.957075 -3.18560875 47.3017243585 2013-08-10 16:41:55
0 55.9573685367 -3.1851100555 55.957075 -3.18560875 45.0664002402 2013-08-10 17:00:46
0 55.9577846502 -3.1736170881 55.9576974028 -3.17285405687 48.5098358911 2013-08-09 19:13:40
0 55.9577570883 -3.1720642675 55.9576974028 -3.17285405687 49.6419010589 2013-08-09 19:24:12
0 55.9580436904 -3.1732593697 55.9576974028 -3.17285405687 46.0544348111 2013-08-09 21:00:31
0 55.9577723719 -3.1721072133 55.9576974028 -3.17285405687 47.2623384319 2013-08-09 21:14:13
0 55.9579677791 -3.1733804956 55.9576974028 -3.17285405687 44.4943755951 2013-08-09 22:49:08
0 55.9575936416 -3.1721069348 55.9576974028 -3.17285405687 47.9479942284 2013-08-09 23:15:34
0 55.9581069538 -3.1731536024 55.9576974028 -3.17285405687 49.2274949634 2013-08-10 08:13:35
0 55.9579879718 -3.1734470952 55.9576974028 -3.17285405687 49.0833145073 2013-08-10 09:48:40
0 55.9579214893 -3.1721905181 55.9576974028 -3.17285405687 48.2657522817 2013-08-10 10:11:20
0 55.9577762509 -3.1735821527 55.9576974028 -3.17285405687 46.1932940314 2013-08-10 12:06:09
0 55.9579054504 -3.1721769006 55.9576974028 -3.17285405687 48.1110165359 2013-08-10 12:19:06
0 55.9577767768 -3.1734237525 55.9576974028 -3.17285405687 36.5681222231 2013-08-10 14:31:20
0 55.9577415518 -3.1720787578 55.9576974028 -3.17285405687 48.5424079586 2013-08-10 14:44:23
0 55.9578116759 -3.1735546098 55.9576974028 -3.17285405687 45.4509143915 2013-08-10 16:44:47
0 55.9575945674 -3.1720793811 55.9576974028 -3.17285405687 49.5917183244 2013-08-10 16:58:46
