55.9439775 -3.218647
55.9523164286 -3.21388785714
55.943472 -3.11751675
55.9432 -3.119915
55.9368473948 -3.18063826537
55.9332877591 -3.17793914686
55.969685375 -3.224479875
55.9368997778 -3.19364288889
55.94004625 -3.2113695
55.9571585 -3.224537
55.9660343333 -3.17005733333
55.9361869512 -3.20899778049
55.9278339161 -3.20947705361
55.9422008571 -3.12872842857
55.95508275 -3.22113825
55.9770055 -3.19262875
55.954972336 -3.1499392411
55.9550266772 -3.22172941169
55.9428103333 -3.210974
55.953789 -3.194931
55.9509655 -3.1878305
55.938337 -3.191445
55.9278914286 -3.20951042857
55.9609316667 -3.201189
55.946494 -3.18546275
55.9506746386 -3.20930852772
55.9409392 -3.209601
55.936035625 -3.18632625
55.9509396667 -3.18782
55.936457 -3.183403
55.957325875 -3.22474425
55.967398125 -3.235290375
55.9499837143 -3.21598285714
55.977572 -3.17672442857
55.946854 -3.219611
55.9741295 -3.16746475
55.9509795 -3.129333
55.957285 -3.168631
55.932204375 -3.20827383929
55.9651055 -3.17032425
55.93228475 -3.207048
55.9566003817 -3.16312993396
55.943357 -3.11852971635
55.9398317843 -3.18011454902
55.952001 -3.205681
55.9479042 -3.1876198
55.9430425 -3.1306685
55.957461 -3.199231
55.930483 -3.254640875
55.9479882857 -3.247549
55.934507 -3.195483
55.954666 -3.228309
55.9366820821 -3.21872886464
55.943472 -3.11751675
55.9544445 -3.11690525
55.952257875 -3.17628125
55.954666 -3.228309
55.93117025 -3.176652375
55.946382125 -3.1853425
55.95508275 -3.22113825
55.960902 -3.20116775
55.9405607059 -3.18293264706
55.9346765455 -3.21015063636
55.950921125 -3.182556625
55.933549 -3.234536
55.9512068 -3.2014862
55.9509471429 -3.11734385714
55.9562322847 -3.19113187591
55.9453665 -3.244104
55.94327625 -3.1192465
55.941978875 -3.222476
55.95666525 -3.19885625
55.97732875 -3.17530325
55.955036 -3.22097166667
55.93653375 -3.1702955
55.9345305 -3.195345
55.9564004 -3.1987056
55.9564004 -3.1987056
55.957075 -3.18560875
55.947702274 -3.21891150481
55.9576974028 -3.17285405687
55.9509795 -3.129333
