#timestamp.	ozone_ppb	temperature	humidity	latitude	longitude
1392422392.703	13.47407668	3	64	4722.38726	831.3414
1392422390.186	12.38729745	2	63	4724.52873	832.92906
1392422389.185	23.74206307	6	81	4722.4085	831.29419
1392422377.292	32.74522982	11	52	4723.47797	831.30391
1392422370.252	13.66115265	7	64	4723.47424	831.29559
1392422363.240	13.47407668	3	64	4722.42387	831.28828
1392422360.216	12.38729745	2	63	4724.54114	832.87002
1392422359.415	23.74206307	6	81	4722.40736	831.29663
1392422347.199	32.74522982	11	52	4723.47667	831.30302
1392422340.203	13.66115265	7	65	4723.47875	831.29272
1392422332.677	13.65307489	3	63	4722.42806	831.20572
1392422330.192	12.38729745	2	64	4724.55831	832.79086
1392422329.231	23.76606407	6	83	4722.404	831.29692
1392422316.528	32.74522982	11	52	4723.47549	831.30266
1392422310.207	13.66115265	7	65	4723.48694	831.29202
1392422302.499	13.65307489	3	63	4722.48493	831.1642
1392422300.206	12.38729745	2	64	4724.59624	832.76439
1392422299.230	23.76606407	6	83	4722.4036	831.29099
1392422291.642	32.74522982	11	52	4723.47775	831.303
1392422280.291	13.66115265	7	64	4723.48465	831.29387
1392422272.656	13.83207311	3	63	4722.48518	831.22783
1392422269.244	23.76606407	6	82	4722.40619	831.29291
1392422269.231	12.38729745	2	63	4724.65043	832.74481
1392422256.557	32.74522982	11	52	4723.47923	831.30275
1392422250.187	13.66115265	7	64	4723.47331	831.29886
1392422242.524	13.83207311	3	63	4722.47382	831.26347
1392422241.179	23.76606407	6	82	4722.40702	831.29329
1392422239.177	12.38729745	2	63	4724.64961	832.68141
1392422227.166	32.74522982	11	52	4723.47813	831.30453
1392422220.222	13.67912362	6	65	4723.47238	831.29418
1392422212.460	13.742574	3	63	4722.46587	831.32233
1392422210.207	23.79006507	6	83	4722.40602	831.29362
1392422209.191	12.4344455	3	63	4724.68113	832.69054
1392422196.503	32.75435455	12	52	4723.47928	831.30625
1392422190.254	13.67912362	6	65	4723.47439	831.29288
1392422182.413	13.742574	3	63	4722.45292	831.51569
1392422179.196	23.79006507	6	83	4722.40748	831.29351
1392422179.192	12.4344455	3	63	4724.66366	832.74631
1392422166.492	32.75435455	12	52	4723.48207	831.30864
1392422160.317	13.67912362	6	65	4723.47836	831.29538
1392422152.924	14.19006953	3	63	4722.44132	831.55924
1392422151.178	23.77485702	5	83	4722.40763	831.2962
1392422149.192	12.3396667	2	64	4724.59971	832.77179
1392422136.467	32.75435455	12	52	4723.48372	831.30817
1392422130.232	13.67912362	6	65	4723.48501	831.29775
1392422122.375	14.19006953	3	63	4722.4023	831.71451
1392422121.219	23.77485702	5	83	4722.40212	831.29953
1392422119.182	12.3396667	2	64	4724.57766	832.77933
1392422106.560	32.75435455	12	52	4723.47797	831.30927
1392422100.217	13.67912362	6	66	4723.49137	831.29998
1392422092.563	14.36906774	3	63	4722.4143	831.77102
1392422089.251	23.79838277	5	83	4722.41355	831.29714
1392422089.225	12.3396667	2	64	4724.48993	832.80457
1392422076.772	32.74522982	11	52	4723.47622	831.31139
1392422070.167	13.67912362	6	66	4723.49642	831.29942
1392422062.940	14.36906774	3	63	4722.42527	831.81563
1392422060.325	23.79838277	5	83	4722.41182	831.30088
1392422059.219	12.3396667	2	64	4724.38635	832.89725
1392422046.535	32.74522982	11	52	4723.47331	831.31092
1392422040.195	13.79770969	6	67	4723.49585	831.29297
1392422032.587	14.72706416	3	65	4722.41719	831.90663
1392422029.179	23.82190851	5	84	4722.40682	831.30589
1392422029.172	12.33725958	3	65	4724.36078	832.90588
1392422016.419	32.75435455	12	52	4723.47234	831.30777
1392422010.200	13.79770969	6	67	4723.46617	831.29455
1392422002.350	14.72706416	3	65	4722.52561	831.99559
1392421999.199	23.82190851	5	84	4722.41149	831.30554
1392421999.175	12.33725958	3	65	4724.2367	832.89024
1392421986.415	32.75435455	12	52	4723.47796	831.30349
1392421980.401	13.81062849	5	67	4723.47175	831.29593
1392421972.385	14.99556148	3	65	4722.57354	832.05109
1392421970.179	23.80606992	4	84	4722.41547	831.30282
1392421969.211	12.33725958	3	65	4724.21842	832.8772
1392421956.339	32.74433685	12	52	4723.49074	831.29924
1392421950.210	13.81062849	5	67	4723.47618	831.29827
1392421942.263	14.99556148	3	65	4722.58888	832.09899
1392421939.196	23.80606992	4	84	4722.41093	831.29647
1392421939.182	12.33725958	3	65	4724.09557	832.72901
1392421926.582	32.74433685	12	52	4723.48482	831.29888
1392421920.258	13.92686639	5	69	4723.47433	831.29561
1392421917.344	14.99556148	3	65	4722.55637	832.18721
1392421909.235	12.28866662	3	65	4724.01477	832.61192
1392421909.187	23.85218973	4	84	4722.4054	831.29635
1392421896.402	32.74433685	12	52	4723.48043	831.29901
1392421890.232	13.92686639	5	69	4723.47773	831.29588
1392421882.449	15.89055254	3	65	4722.5602	832.24034
1392421880.183	23.85218973	4	84	4722.40505	831.29575
1392421879.235	12.28866662	3	65	4723.95902	832.56817
1392421866.361	32.74433685	12	52	4723.48384	831.2992
1392421860.587	13.94389085	2	67	4723.47394	831.29752
1392421852.276	15.89055254	3	65	4722.5907	832.2661
1392421849.241	23.87524964	4	83	4722.40373	831.29297
1392421849.177	12.24007366	3	66	4723.8803	832.52345
1392421836.316	32.73541048	11	52	4723.47267	831.29725
1392421830.227	13.94389085	2	67	4723.47552	831.30557
1392421822.313	16.60654538	3	64	4722.63804	832.34553
1392421819.258	23.87524964	4	83	4722.41008	831.2924
1392421819.190	12.24007366	3	66	4723.87708	832.52113
1392421806.342	32.73541048	11	52	4723.48424	831.29703
1392421800.246	13.94389085	2	67	4723.47591	831.3497
1392421792.481	16.60654538	3	64	4722.63281	832.3625
1392421789.189	23.9035614	3	83	4722.41173	831.28944
1392421789.179	12.24007366	3	65	4723.8056	832.45639
1392421776.790	32.74433685	12	52	4723.48308	831.29974
1392421772.202	13.94389085	2	67	4723.48401	831.39989
1392421762.446	17.68053465	3	65	4722.6251	832.42234
1392421760.259	23.9035614	3	83	4722.40619	831.29077
1392421759.183	12.24007366	3	65	4723.74135	832.41223
1392421746.337	32.74433685	12	52	4723.48633	831.29866
1392421741.332	13.94389085	2	67	4723.49491	831.41322
1392421732.223	17.68053465	3	65	4722.62159	832.51234
1392421730.258	23.95257312	2	76	4722.39905	831.29762
1392421729.287	12.24007366	3	65	4723.65581	832.36563
1392421716.355	32.73541048	11	52	4723.48636	831.29571
1392421712.178	13.94389085	2	67	4723.49277	831.41554
1392421702.207	18.84402303	3	66	4722.61561	832.58172
1392421700.234	23.95257312	2	76	4722.38313	831.30957
1392421699.178	12.24007366	3	65	4723.52928	832.33161
1392421686.282	32.73541048	11	52	4723.48614	831.29308
1392421680.519	13.94389085	2	68	4723.45884	831.37903
1392421672.320	18.84402303	3	66	4722.60796	832.63157
1392421670.176	24.0427322	1	62	4722.35485	831.34742
1392421669.212	12.24007366	3	66	4723.49832	832.33188
1392421656.264	32.75435455	12	52	4723.49127	831.29473
1392421652.152	13.94389085	2	68	4723.44709	831.36564
1392421642.197	20.90250246	3	67	4722.58603	832.68551
1392421639.197	24.0427322	1	62	4722.33471	831.36442
1392421639.175	12.24007366	3	66	4723.42819	832.33804
1392421626.410	32.75435455	12	52	4723.4914	831.29399
1392421620.412	13.94389085	2	68	4723.4466	831.36623
1392421612.280	20.90250246	3	67	4722.45583	832.77495
1392421609.245	24.0644492	1	61	4722.31242	831.4153
1392421609.236	12.28866662	3	66	4723.2855	832.3566
1392421596.235	32.74433685	12	52	4723.48931	831.29382
1392421590.196	13.94389085	2	68	4723.44718	831.36544
1392421582.185	22.87148279	3	65	4722.36558	832.84891
1392421579.259	12.28866662	3	66	4723.25096	832.37549
1392421579.188	24.0644492	1	61	4722.31092	831.41408
1392421566.220	32.74433685	12	52	4723.48371	831.29448
1392421560.386	13.94389085	2	68	4723.44442	831.36144
1392421552.760	22.87148279	3	65	4722.29259	832.86994
1392421550.215	24.0644492	1	61	4722.31039	831.41334
1392421549.222	12.28866662	3	65	4723.063	832.40419
1392421536.216	32.74433685	12	52	4723.48251	831.29362
1392421530.152	13.94389085	2	68	4723.44589	831.32754
1392421522.204	26.54094613	3	65	4722.24077	832.9337
1392421519.353	24.0644492	1	61	4722.31514	831.41348
1392421519.181	12.28866662	3	65	4723.02582	832.43142
1392421506.232	32.74433685	12	52	4723.4889	831.29468
1392421501.292	13.83442212	2	66	4723.4348	831.32326
1392421492.629	26.54094613	3	65	4722.21949	833.02053
1392421489.180	12.28866662	3	66	4722.91258	832.50854
1392421489.171	24.0644492	1	61	4722.30324	831.43679
1392421476.552	32.74433685	12	52	4723.48861	831.29443
1392421470.182	13.83442212	2	66	4723.42597	831.2961
1392421463.171	28.95742198	3	65	4722.17385	833.2418
1392421459.264	12.28866662	3	66	4722.79117	832.56947
1392421459.222	24.0644492	1	61	4722.29902	831.44279
1392421446.199	32.74433685	12	52	4723.48866	831.29273
1392421440.232	13.94389085	2	67	4723.41076	831.29652
1392421432.233	28.95742198	3	65	4722.15822	833.37169
1392421429.204	24.08616621	1	61	4722.29802	831.44309
1392421429.163	12.24007366	3	65	4722.79932	832.55975
1392421416.261	32.74433685	12	52	4723.49033	831.29338
1392421410.172	13.94389085	2	67	4723.35654	831.31947
1392421402.453	29.58391572	3	65	4722.11558	833.52044
1392421399.186	12.24007366	3	65	4722.72435	832.57097
1392421399.184	24.08616621	1	61	4722.27609	831.44116
1392421386.206	32.74433685	12	52	4723.48925	831.29858
1392421380.268	14.16282831	2	66	4723.22161	831.2293
1392421372.193	29.58391572	3	65	4722.08289	833.62432
1392421369.210	24.08616621	1	61	4722.24368	831.35613
1392421369.173	12.24007366	3	65	4722.69659	832.49466
1392421356.227	32.74433685	12	52	4723.48359	831.29751
1392421351.215	14.16282831	2	66	4723.23295	831.19199
1392421342.187	29.13642019	3	64	4722.0371	833.66948
1392421340.178	24.08616621	1	61	4722.18173	831.20043
1392421339.172	12.24007366	3	65	4722.67367	832.50501
1392421326.206	32.74433685	12	52	4723.46805	831.29583
1392421320.202	14.16282831	2	66	4723.25053	831.14765
1392421313.492	12.24007366	3	65	4722.67312	832.50524
1392421312.225	29.13642019	3	64	4721.96892	833.74567
1392421309.195	24.12960021	1	61	4722.19603	831.17166
1392421296.202	32.74433685	12	52	4723.44745	831.29225
1392421291.175	14.16282831	2	66	4723.27502	831.07878
1392421282.181	26.45144702	3	63	4721.9088	833.89418
1392421279.186	24.12960021	1	61	4722.20753	831.13106
1392421279.163	12.28866662	3	64	4722.62607	832.49763
1392421266.208	32.74433685	12	52	4723.45495	831.29206
1392421260.156	14.27229705	2	66	4723.3441	830.91584
1392421252.929	26.45144702	3	63	4721.85121	833.98682
1392421250.211	24.17303422	1	61	4722.23553	830.96893
1392421249.176	12.28866662	3	64	4722.62083	832.46729
1392421236.336	32.74433685	12	52	4723.49116	831.29667
1392421231.206	14.27229705	2	66	4723.37687	830.77122
1392421222.270	24.75096401	3	63	4721.844	833.97373
1392421219.312	24.17303422	1	61	4722.21699	830.82931
1392421219.176	12.28866662	3	64	4722.62231	832.4027
1392421206.202	32.74433685	12	52	4723.48345	831.29657
1392421200.198	14.15958049	1	67	4723.41195	830.63846
1392421192.274	24.75096401	3	63	4721.84477	833.97479
1392421189.207	24.17303422	1	61	4722.19265	830.62282
1392421189.191	12.28866662	3	64	4722.63191	832.36229
1392421176.191	32.74433685	12	51	4723.48315	831.29455
1392421172.165	14.15958049	1	67	4723.44679	830.51801
1392421162.210	24.03497116	3	64	4721.84469	833.97622
1392421161.228	24.17303422	1	61	4722.18618	830.56082
1392421159.209	12.4344455	3	64	4722.63459	832.35362
1392421146.255	32.74433685	12	51	4723.48026	831.28785
1392421139.869	14.27229705	2	66	4723.49662	830.34985
1392421132.290	24.03497116	3	64	4721.84312	833.97644
1392421130.210	24.19628598	2	61	4722.16232	830.35832
1392421129.182	12.4344455	3	64	4722.62567	832.30226
1392421116.179	32.74433685	12	52	4723.47789	831.28374
1392421111.216	14.27229705	2	66	4723.5036	830.3281
1392421102.164	22.60298547	3	63	4721.83198	833.98105
1392421100.212	24.19628598	2	61	4722.14335	830.32559
1392421099.185	12.38585254	3	65	4722.55787	832.2514
1392421086.239	32.74433685	12	52	4723.47706	831.29407
1392421080.219	14.27229705	2	67	4723.53267	830.1571
1392421072.210	22.60298547	3	63	4721.83225	833.9835
1392421069.190	24.17413027	2	60	4722.16591	830.38494
1392421069.175	12.38585254	3	65	4722.54536	832.21769
1392421056.176	32.74433685	12	52	4723.47922	831.30184
1392421050.233	14.27229705	2	67	4723.53005	830.14539
1392421042.221	20.18650962	3	64	4721.83223	833.98301
1392421040.188	24.17413027	2	60	4722.17451	830.43587
1392421039.189	12.4344455	3	65	4722.57828	832.11966
1392421026.216	32.74433685	12	52	4723.47845	831.29866
1392421021.366	14.38176578	2	66	4723.52192	830.11489
1392421012.221	20.18650962	3	64	4721.83273	833.97975
1392421010.219	24.17413027	2	61	4722.19062	830.56584
1392421009.176	12.4344455	3	65	4722.5804	832.0631
1392420996.235	32.74433685	12	52	4723.47932	831.29476
1392420991.217	14.38176578	2	66	4723.52383	829.86369
1392420982.246	16.96454181	3	65	4721.8665	833.98759
1392420979.209	24.17413027	2	61	4722.21028	830.74097
1392420979.177	12.4344455	3	64	4722.57292	832.05384
1392420966.226	32.74433685	12	52	4723.48665	831.30035
1392420952.230	16.96454181	3	65	4721.91292	833.8699
1392420949.169	12.4344455	3	64	4722.46431	831.94265
1392420948.369	24.12981884	2	61	4722.22113	830.83623
1392420936.216	32.74433685	12	52	4723.48207	831.30005
1392420931.182	14.38176578	2	65	4723.52465	829.5044
1392420922.152	15.62205522	3	64	4721.96854	833.73924
1392420919.201	12.48303846	3	65	4722.39654	831.86889
1392420918.399	24.12981884	2	61	4722.24196	830.97976
1392420906.223	32.74433685	12	52	4723.47755	831.30245
1392420900.192	14.38176578	2	65	4723.52544	829.44409
1392420892.330	15.62205522	3	64	4722.01527	833.68158
1392420888.253	12.48303846	3	65	4722.40674	831.79671
1392420888.210	24.10766312	2	61	4722.20912	831.13569
1392420876.323	32.73431915	12	52	4723.47347	831.29409
1392420870.236	14.38176578	2	65	4723.52609	829.41963
1392420862.267	13.47407668	3	64	4722.08627	833.61023
1392420859.169	12.58022438	3	63	4722.41343	831.77173
1392420858.247	24.10766312	2	61	4722.21558	831.14999
1392420846.229	32.73431915	12	52	4723.47748	831.28952
1392420840.252	14.27229705	2	66	4723.53338	829.39068
1392420832.245	13.47407668	3	64	4722.0899	833.58615
1392420829.202	12.58022438	3	63	4722.40261	831.70729
1392420828.210	24.10766312	2	62	4722.22305	831.26894
1392420816.213	32.74433685	12	52	4723.47857	831.29384
1392420810.172	14.27229705	2	66	4723.55588	829.43065
1392420803.145	24.10766312	2	62	4722.27873	831.43305
1392420802.190	13.38457758	3	65	4722.15554	833.4375
1392420798.253	12.62881734	3	64	4722.39897	831.70444
1392420786.205	32.74433685	12	52	4723.4743	831.29724
1392420779.653	14.16282831	2	66	4723.52737	829.66503
1392420772.287	13.38457758	3	65	4722.16424	833.27506
1392420768.277	12.62881734	3	64	4722.36189	831.61384
1392420768.210	24.10766312	2	61	4722.28394	831.43766
1392420756.182	32.74433685	12	52	4723.48321	831.3028
1392420749.678	14.16282831	2	66	4723.52644	829.74598
1392420742.165	13.20557937	3	65	4722.16664	833.23006
1392420738.321	24.10766312	2	62	4722.30771	831.5197
1392420738.230	12.6774103	3	63	4722.32766	831.58647
1392420726.222	32.74433685	12	52	4723.47778	831.30572
1392420719.582	14.16282831	2	67	4723.52567	829.97465
1392420712.180	13.20557937	3	65	4722.21825	833.00431
1392420708.278	12.6774103	3	63	4722.2862	831.47112
1392420708.219	24.10766312	2	62	4722.35673	831.60897
1392420696.319	32.74433685	12	52	4723.47488	831.30644
1392420690.174	14.16282831	2	67	4723.53239	830.14716
1392420682.185	13.20557937	3	66	4722.24247	832.92273
1392420678.245	13.11474695	3	63	4722.27516	831.43337
1392420678.066	24.12981884	2	62	4722.38754	831.65331
1392420666.173	32.74433685	12	52	4723.47553	831.30646
1392420660.308	14.16282831	2	67	4723.53804	830.22105
1392420652.056	13.20557937	3	66	4722.24213	832.92281
1392420648.243	24.12981884	2	62	4722.40314	831.72485
1392420648.215	13.11474695	3	63	4722.23766	831.33944
1392420636.260	32.74433685	12	52	4723.47973	831.30425
1392420629.643	14.16282831	2	67	4723.49861	830.35471
1392420621.718	13.20557937	3	66	4722.29875	832.85997
1392420618.262	24.12981884	2	62	4722.4176	831.77292
1392420618.219	13.11474695	3	64	4722.17961	831.18962
1392420606.202	32.74433685	12	52	4723.4817	831.30275
1392420599.488	14.16282831	2	66	4723.47765	830.44337
1392420591.740	13.20557937	3	66	4722.37012	832.83912
1392420588.227	24.12981884	2	62	4722.42434	831.77521
1392420588.225	13.11474695	3	64	4722.19022	831.16999
1392420576.355	32.74433685	12	52	4723.48627	831.30326
1392420569.692	14.16282831	2	66	4723.41998	830.62416
1392420561.540	13.29507847	3	66	4722.43606	832.78813
1392420558.249	24.17413027	2	62	4722.42304	831.77567
1392420558.222	13.16333991	3	64	4722.20999	831.12712
1392420546.234	32.74433685	12	52	4723.49072	831.30385
1392420539.862	14.05335958	2	66	4723.40664	830.66834
1392420531.619	13.29507847	3	66	4722.58448	832.68712
1392420528.233	24.17413027	2	62	4722.42424	831.77659
1392420528.196	13.16333991	3	64	4722.22111	830.97348
1392420516.162	32.74433685	12	52	4723.49129	831.30205
1392420509.508	14.05335958	2	66	4723.36002	830.86714
1392420502.157	13.38457758	3	64	4722.60393	832.63333
1392420498.243	24.17413027	2	63	4722.42613	831.77505
1392420498.229	13.35771175	3	65	4722.21243	830.83298
1392420486.202	32.74433685	12	52	4723.49833	831.29986
1392420471.697	13.38457758	3	64	4722.60516	832.61618
1392420468.253	13.35771175	3	65	4722.20853	830.75815
1392420468.203	24.17413027	2	63	4722.42403	831.77862
1392420449.705	14.05335958	2	66	4723.27938	831.06633
1392420441.574	13.56357579	3	64	4722.6174	832.52023
1392420438.254	24.19628598	2	65	4722.43462	831.78557
1392420438.218	13.55208359	3	65	4722.18544	830.57103
1392420426.254	32.74433685	12	52	4723.47839	831.28897
1392420419.427	14.16282831	2	66	4723.26867	831.17941
1392420411.687	13.56357579	3	64	4722.6196	832.43085
1392420408.238	24.19628598	2	65	4722.40285	831.90383
1392420408.211	13.55208359	3	65	4722.16812	830.41947
1392420396.162	32.75435455	12	52	4723.47784	831.28099
1392420390.166	14.16282831	2	66	4723.30125	831.20687
1392420381.476	13.742574	3	65	4722.63345	832.36157
1392420378.219	13.98942023	3	64	4722.16296	830.36499
1392420378.209	24.2184417	2	65	4722.37211	832.01228
1392420366.254	32.75435455	12	52	4723.48264	831.29681
1392420359.438	14.16282831	2	66	4723.37913	831.29054
1392420351.600	13.742574	3	65	4722.63366	832.36159
1392420348.246	24.2184417	2	65	4722.32135	832.08236
1392420348.228	13.98942023	3	64	4722.13762	830.16742
1392420336.165	32.75435455	12	52	4723.47712	831.29855
1392420329.447	14.16282831	2	66	4723.43537	831.35289
1392420321.544	14.01107132	3	66	4722.64061	832.32001
1392420318.281	24.24059741	2	65	4722.31218	832.09175
1392420318.221	13.98942023	3	63	4722.13168	830.10358
1392420306.162	32.75435455	12	52	4723.47178	831.29699
1392420299.368	14.27229705	2	66	4723.3999	831.40416
1392420291.227	14.01107132	3	66	4722.58827	832.26514
1392420288.261	13.98942023	3	63	4722.10375	829.8915
1392420288.213	24.24059741	2	65	4722.23287	832.20111
1392420276.236	32.75435455	12	52	4723.47622	831.29768
1392420270.171	14.27229705	2	66	4723.38343	831.43892
1392420261.771	14.19006953	3	66	4722.55683	832.24253
1392420258.237	24.28490884	2	65	4722.18153	832.32174
1392420258.218	13.69786247	3	63	4722.08806	829.7404
1392420239.349	14.27229705	2	67	4723.32359	831.55672
1392420231.522	14.19006953	3	66	4722.54943	832.18233
1392420228.263	13.69786247	3	63	4722.06904	829.72442
1392420228.208	24.28490884	2	65	4722.17273	832.34426
1392420216.156	32.75435455	12	52	4723.48102	831.29644
1392420209.209	14.27229705	2	67	4723.27275	831.60933
1392420201.393	14.27956863	3	66	4722.58914	832.09388
1392420198.258	13.11474695	3	63	4722.07343	829.741
1392420198.198	24.28490884	2	66	4722.16673	832.3616
1392420186.192	32.75435455	12	52	4723.48973	831.29755
1392420179.532	14.27229705	2	67	4723.21175	831.73042
1392420171.579	14.27956863	3	66	4722.57359	832.06146
1392420168.262	13.11474695	3	63	4722.07298	829.74035
1392420168.206	24.28490884	2	66	4722.11256	832.37986
1392420156.162	32.75435455	12	52	4723.49259	831.30045
1392420149.337	14.27229705	2	67	4723.18107	831.74936
1392420141.240	14.36906774	3	66	4722.49526	831.97077
1392420138.257	12.72600326	3	64	4722.08254	829.74925
1392420138.175	24.26275313	2	66	4722.08187	832.39724
1392420126.198	32.75435455	12	52	4723.48841	831.29994
1392420119.483	14.49123451	2	66	4723.09239	831.88105
1392420111.580	14.36906774	3	66	4722.40266	831.89369
1392420108.203	12.72600326	3	64	4722.11174	829.91416
1392420108.185	24.26275313	2	66	4722.01089	832.42349
1392420096.209	32.75435455	12	52	4723.48841	831.2977
1392420089.199	14.49123451	2	66	4723.06948	831.89902
1392420081.349	14.63756506	3	65	4722.40616	831.83715
1392420078.242	12.53163142	3	64	4722.13989	830.11297
1392420078.178	24.28490884	2	66	4721.9907	832.47343
1392420066.180	32.75435455	12	52	4723.4873	831.30254
1392420059.264	14.60070324	2	68	4723.01862	831.96405
1392420051.583	14.63756506	3	65	4722.41252	831.79998
1392420048.296	12.53163142	3	64	4722.1377	830.11476
1392420048.219	24.28490884	2	66	4722.0004	832.50969
1392420036.157	32.75435455	12	52	4723.4818	831.30242
1392420029.202	14.60070324	2	68	4722.93733	832.08289
1392420021.565	14.90606237	3	64	4722.41024	831.79333
1392420018.239	24.30706456	2	65	4722.02457	832.6725
1392420018.228	12.53163142	3	65	4722.15927	830.30923
1392420006.202	32.75435455	12	52	4723.47904	831.30035
1392419999.392	14.81964071	2	69	4722.91103	832.11348
1392419991.589	14.90606237	3	64	4722.39505	831.69305
1392419988.232	12.53163142	3	65	4722.16914	830.38561
1392419988.181	24.30706456	2	65	4722.02571	832.69511
1392419976.287	32.75435455	12	52	4723.47363	831.29741
1392419969.434	14.81964071	2	69	4722.82143	832.23911
1392419966.591	14.99556148	3	63	4722.43243	831.57149
1392419958.202	12.48303846	3	64	4722.18735	830.51423
1392419958.166	24.32922027	2	64	4722.02874	832.68807
1392419946.189	32.75435455	12	52	4723.48542	831.29718
1392419939.371	15.03857817	2	69	4722.79361	832.24998
1392419931.787	14.99556148	3	63	4722.44165	831.53809
1392419928.202	12.48303846	3	64	4722.19083	830.56754
1392419928.174	24.32922027	2	64	4722.06645	832.73659
1392419915.700	32.75435455	12	52	4723.47143	831.29273
1392419909.218	15.03857817	2	69	4722.76725	832.26634
1392419902.149	14.99556148	3	63	4722.45218	831.44144
1392419898.209	12.48303846	3	64	4722.21479	830.80025
1392419898.173	24.41784313	2	63	4722.09265	832.80062
1392419885.682	32.75435455	12	52	4723.49085	831.2987
1392419879.223	15.1480469	2	70	4722.7239	832.39866
1392419871.602	14.99556148	3	63	4722.46746	831.27631
1392419868.178	24.41784313	2	63	4722.15191	832.88229
1392419868.178	12.53163142	3	63	4722.21859	830.83462
1392419855.669	32.75435455	12	52	4723.48954	831.29724
1392419849.230	15.1480469	2	70	4722.69548	832.49447
1392419841.357	14.99556148	3	63	4722.47463	831.25703
1392419838.189	12.53163142	3	63	4722.24632	831.00492
1392419838.185	24.48431028	2	62	4722.22509	832.94354
1392419826.152	32.75435455	12	52	4723.48808	831.29511
1392419819.229	15.4764531	2	68	4722.67103	832.50648
1392419811.290	14.99556148	3	63	4722.49729	831.16657
1392419808.188	24.48431028	2	62	4722.25687	832.97791
1392419808.178	12.53163142	3	63	4722.20395	831.14042
1392419795.582	32.75435455	12	52	4723.48714	831.29108
1392419789.232	15.4764531	2	68	4722.66001	832.50669
1392419781.166	14.99556148	3	63	4722.52191	831.08147
1392419778.251	12.53163142	3	63	4722.20622	831.16321
1392419778.183	24.46215456	2	63	4722.33405	833.03523
1392419765.592	32.75435455	12	52	4723.47784	831.29395
1392419759.272	15.8048593	2	69	4722.61933	832.53326
1392419751.479	15.0850665	2	64	4722.52908	831.04745
1392419748.181	12.48303846	3	65	4722.22802	831.30165
1392419748.168	24.46215456	2	63	4722.37889	833.01593
1392419735.642	32.75435455	12	52	4723.46902	831.29171
1392419729.218	15.8048593	2	69	4722.61738	832.54967
1392419721.299	15.0850665	2	64	4722.56948	830.90629
1392419718.257	12.48303846	3	65	4722.28121	831.43853
1392419718.186	24.48431028	2	63	4722.4542	832.98651
1392419705.713	32.75435455	12	52	4723.46596	831.29262
1392419699.273	16.35220296	2	70	4722.59903	832.61581
1392419691.227	15.78688174	2	64	4722.60646	830.81748
1392419688.201	24.48431028	2	63	4722.5265	832.95416
1392419688.192	12.53163142	3	68	4722.29721	831.48181
1392419675.782	32.75435455	12	52	4723.45367	831.28727
1392419669.427	16.35220296	2	70	4722.5922	832.61835
1392419661.527	15.78688174	2	64	4722.6802	830.65103
1392419658.188	24.59508885	2	63	4722.60829	832.9168
1392419658.185	12.53163142	3	68	4722.32726	831.58227
1392419646.162	32.75435455	12	52	4723.37216	831.25781
1392419639.199	17.00901535	2	69	4722.52059	832.60053
1392419631.284	17.0150584	2	65	4722.69057	830.61026
1392419628.274	12.58022438	3	67	4722.36561	831.6174
1392419628.189	24.59508885	2	63	4722.63272	832.89922
1392419615.489	32.75435455	12	52	4723.39985	831.26998
1392419609.182	17.00901535	2	69	4722.44154	832.57571
1392419601.281	17.0150584	2	65	4722.67017	830.47421
1392419598.237	12.58022438	3	67	4722.40728	831.72191
1392419598.174	24.61724457	2	62	4722.71171	832.88644
1392419585.513	32.75435455	12	52	4723.4631	831.30015
1392419579.444	16.79007789	2	69	4722.43652	832.57507
1392419571.349	18.41868888	2	63	4722.65868	830.42678
1392419568.192	12.62881734	3	67	4722.42558	831.76997
1392419568.191	24.61724457	2	62	4722.82011	832.88906
1392419555.608	32.75435455	12	52	4723.49258	831.31454
1392419549.147	16.79007789	2	69	4722.35964	832.56797
1392419541.279	18.41868888	2	63	4722.64697	830.18119
1392419538.178	12.62881734	3	67	4722.42666	831.77313
1392419538.172	24.57293314	2	62	4722.90229	832.88818
1392419525.582	32.75435455	12	52	4723.47875	831.30549
1392419519.246	16.1332655	2	70	4722.32216	832.56881
1392419511.486	18.33096197	2	64	4722.64739	829.94095
1392419508.201	24.57293314	2	62	4722.99141	832.89034
1392419508.175	12.58022438	3	67	4722.43637	831.80884
1392419495.479	32.75435455	12	52	4723.46709	831.29963
1392419489.227	16.1332655	2	70	4722.21962	832.59106
1392419481.482	18.33096197	2	64	4722.66797	829.8851
1392419478.196	24.46215456	2	62	4723.11351	832.90726
1392419478.183	12.58022438	3	67	4722.4142	831.90812
1392419465.625	32.75435455	12	52	4723.4718	831.29992
1392419460.282	15.25751564	2	71	4722.18592	832.6091
1392419451.188	18.24323507	2	63	4722.75444	829.73117
1392419448.232	12.53163142	3	66	4722.4987	831.96862
1392419448.230	24.46215456	2	62	4723.15719	832.8995
1392419435.568	32.75435455	12	52	4723.46584	831.29778
1392419429.209	15.25751564	2	71	4722.08892	832.67391
1392419421.296	18.24323507	2	63	4722.71497	829.64797
1392419420.178	24.50646599	2	62	4723.26973	832.81829
1392419418.187	12.53163142	3	66	4722.56686	832.04987
1392419405.682	32.75435455	12	52	4723.46668	831.29787
1392419399.166	16.68060916	2	70	4722.02957	832.72628
1392419392.187	17.62914674	2	63	4722.69493	829.60741
1392419389.255	24.50646599	2	62	4723.35652	832.76874
1392419388.218	12.48303846	3	65	4722.56976	832.05063
1392419375.705	32.75435455	12	52	4723.47054	831.30056
1392419369.242	16.68060916	2	70	4722.03019	832.72637
1392419361.509	17.62914674	2	63	4722.58351	829.37581
1392419359.250	24.55077742	2	62	4723.44464	832.72725
1392419358.171	12.48303846	3	65	4722.57673	832.12781
1392419346.339	32.75435455	12	52	4723.45951	831.29484
1392419339.172	17.11848409	2	70	4722.01104	832.74853
1392419331.282	17.80460055	2	63	4722.54277	829.27892
1392419330.188	24.55077742	2	62	4723.56261	832.70377
1392419328.277	12.482546	4	66	4722.56441	832.23877
1392419315.452	32.75435455	12	52	4723.45973	831.29593
1392419309.170	17.11848409	2	70	4721.9733	832.79621
1392419301.176	17.80460055	2	63	4722.51854	829.13397
1392419299.195	24.6042634	3	62	4723.62148	832.69737
1392419298.172	12.482546	4	66	4722.57097	832.24953
1392419285.529	32.75435455	12	52	4723.45741	831.28803
1392419279.218	18.10370268	2	67	4721.92575	832.84485
1392419271.204	17.19051221	2	63	4722.46139	829.07405
1392419268.280	12.6774103	3	66	4722.64582	832.33071
1392419268.212	24.6042634	3	62	4723.73188	832.71688
1392419255.429	32.75435455	12	52	4723.47605	831.2784
1392419249.222	18.10370268	2	67	4721.9198	832.86932
1392419241.209	17.19051221	2	63	4722.47292	829.09981
1392419238.178	24.67207327	3	63	4723.77379	832.68334
1392419238.166	12.6774103	3	66	4722.63706	832.36344
1392419225.656	32.75435455	12	52	4723.45391	831.27874
1392419219.204	17.99423394	2	67	4721.832	832.93527
1392419211.631	17.19051221	2	64	4722.47256	829.09999
1392419209.243	24.67207327	3	63	4723.78345	832.62378
1392419208.221	12.53163142	3	67	4722.62528	832.4517
1392419195.432	32.75435455	12	52	4723.46452	831.28697
1392419189.178	17.99423394	2	67	4721.76887	833.00559
1392419181.247	17.19051221	2	64	4722.47199	829.0997
1392419179.188	24.73988314	3	65	4723.8254	832.48962
1392419178.182	12.53163142	3	67	4722.64784	832.50272
1392419165.503	32.76437225	12	52	4723.4532	831.28158
1392419159.177	17.44689028	2	68	4721.72088	833.03486
1392419151.309	17.45369293	2	64	4722.47283	829.09902
1392419148.210	12.48303846	3	67	4722.66553	832.50312
1392419148.175	24.73988314	3	65	4723.85974	832.50455
1392419135.359	32.76437225	12	52	4723.46238	831.28719
1392419129.198	17.44689028	2	68	4721.60716	833.13426
1392419121.277	17.45369293	2	64	4722.47406	829.09866
1392419118.201	24.76248643	3	75	4723.85922	832.50389
1392419118.172	12.48303846	3	67	4722.6733	832.50237
1392419105.402	32.75435455	12	52	4723.48343	831.29768
1392419099.239	17.11848409	2	68	4721.55072	833.17648
1392419091.231	18.15550817	2	63	4722.47364	829.09883
1392419089.172	24.76248643	3	75	4723.90747	832.53441
1392419088.202	12.4344455	3	67	4722.71473	832.50195
1392419075.487	32.75435455	12	52	4723.46981	831.29533
1392419069.252	17.11848409	2	68	4721.47792	833.24955
1392419061.542	18.15550817	2	63	4722.47353	829.10018
1392419058.212	12.4344455	3	67	4722.7326	832.57082
1392419045.482	32.76437225	12	52	4723.48045	831.29652
1392419039.186	17.77529648	2	69	4721.42473	833.29941
1392419032.206	18.59414269	2	63	4722.47322	829.10095
1392419028.250	12.4344455	3	67	4722.74998	832.5679
1392419015.323	32.76437225	12	52	4723.47332	831.29124
1392419009.241	17.77529648	2	69	4721.31844	833.40248
1392419001.181	18.59414269	2	63	4722.47321	829.10029
1392418998.162	12.4344455	3	67	4722.80544	832.55772
1392418985.542	32.76437225	12	52	4723.47099	831.28696
1392418979.243	18.10370268	2	70	4721.29444	833.42739
1392418971.187	18.24323507	2	62	4722.4735	829.10001
1392418968.242	12.48303846	3	66	4722.83283	832.56181
1392418955.334	32.76437225	12	52	4723.45672	831.28092
1392418948.584	18.10370268	2	70	4721.19084	833.52732
1392418941.177	18.24323507	2	62	4722.5216	829.12884
1392418938.177	12.48303846	3	66	4722.93336	832.50184
1392418925.462	32.76437225	12	52	4723.46736	831.28426
1392418918.725	18.21317141	2	69	4721.15091	833.56311
1392418911.202	17.32253823	3	62	4722.54715	829.2783
1392418908.208	12.48303846	3	66	4723.04512	832.41331
1392418895.327	32.76437225	12	52	4723.47088	831.28411
1392418888.689	18.21317141	2	69	4721.0467	833.63086
1392418881.264	17.32253823	3	62	4722.56542	829.33593
1392418878.192	12.48303846	3	66	4723.08422	832.39735
1392418865.579	32.76437225	12	52	4723.48395	831.28923
1392418858.661	17.99423394	2	69	4721.0244	833.65461
1392418851.287	15.71155433	3	62	4722.68096	829.57677
1392418848.211	12.48303846	3	66	4723.24004	832.37568
1392418848.185	24.8896953	1	61	4724.36479	834.13655
1392418835.267	32.76437225	12	52	4723.48009	831.2874
1392418828.499	17.99423394	2	69	4721.02384	833.65529
1392418822.168	15.71155433	3	62	4722.71737	829.65157
1392418818.248	25.56292238	1	61	4724.28659	834.29787
1392418818.165	12.48303846	3	66	4723.28898	832.35341
1392418805.360	32.76437225	12	52	4723.47963	831.28512