1389183933	8.82552040835	0	0	47.3770051667	8.54118366667
1389183964	8.70469973384	0	0	47.3768881667	8.54273583333
1389183993	8.70469973384	0	0	47.3767256667	8.543938
1389184024	8.87384867815	0	0	47.376835	8.5442805
1389184053	8.87384867815	0	0	47.3750175	8.54568133333
1389184084	8.75302800364	0	0	47.3730436667	8.54725733333
1389184113	8.75302800364	0	0	47.3727236667	8.54747033333
1389184144	8.82552040835	0	0	47.3711098333	8.54804783333
1389184173	8.82552040835	0	0	47.3706931667	8.54871816667
1389184204	8.82552040835	0	0	47.3707085	8.54867216667
1389184233	8.82552040835	0	0	47.3705006667	8.54923483333
1389184264	8.94634108285	0	0	47.369912	8.55199166667
1389184293	8.94634108285	0	0	47.3694265	8.55421283333
1389184324	9.04299762246	0	0	47.3692261667	8.55546733333
1389184353	9.04299762246	0	0	47.3686641667	8.558331
1389184384	9.13965416206	0	0	47.3681318333	8.560081
1389184413	9.13965416206	0	0	47.3679415	8.5604735
1389184444	9.06716175736	0	0	47.3662406667	8.562139
1389184444	9.06716175736	0	0	47.3662406667	8.562139
1389184473	9.06716175736	0	0	47.3659668333	8.5626285
1389184503	9.21214656677	0	0	47.3650528333	8.56501116667
1389184533	9.21214656677	0	0	47.3642995	8.56657266667
1389184565	9.16381829696	0	0	47.363877	8.56632983333
1389184593	9.16381829696	0	0	47.3638933333	8.5663425
1389184624	9.09132589226	0	0	47.3638963333	8.566335
1389184654	9.09132589226	0	0	47.363925	8.566348
1389184684	8.94634108285	0	0	47.36389	8.56633766667
1389184713	8.94634108285	0	0	47.363862	8.56632566667
1389184744	8.86188661237	0	0	47.3638925	8.56630733333
1389184773	8.86188661237	0	0	47.3639045	8.56633183333
1389184809	8.86188661237	0	0	47.363899	8.56631316667
1389184834	8.86188661237	0	0	47.3638771667	8.56630066667
1389184865	8.86188661237	0	0	47.363882	8.566302
1389184894	8.86188661237	0	0	47.3640216667	8.56621883333
1389184924	8.86188661237	0	0	47.3640968333	8.56626616667
1389184954	8.91119117796	0	0	47.3646721667	8.56618166667
1389184984	8.91119117796	0	0	47.3655166667	8.56390833333
1389185014	9.03445259194	0	0	47.3661698333	8.56241016667
1389185044	9.03445259194	0	0	47.3672745	8.56112216667
1389185074	9.18236628872	0	0	47.3680415	8.560379
1389185104	9.18236628872	0	0	47.368239	8.55972533333
1389185134	9.15771400592	0	0	47.3693418333	8.55700933333
1389185165	9.15771400592	0	0	47.3692606667	8.55553383333
1389185194	9.25632313711	0	0	47.3694693333	8.55422266667
1389185225	9.25632313711	0	0	47.3702625	8.55051883333
1389185254	9.2809754199	0	0	47.3704193333	8.54984433333
1389185286	9.2809754199	0	0	47.3706871667	8.548861
1389185314	9.10840944033	0	0	47.3706976667	8.54882433333
1389185345	9.10840944033	0	0	47.3713935	8.54787066667
1389185374	9.10840944033	0	0	47.3727746667	8.54744516667
1389185405	9.10840944033	0	0	47.373404	8.546946
1389185434	9.05910487474	0	0	47.3750673333	8.54560866667
1389185465	9.05910487474	0	0	47.3766188333	8.54463466667
1389185494	8.83723432958	0	0	47.3767526667	8.54381816667
1389185525	8.83723432958	0	0	47.3768925	8.54299116667
1389185554	8.88653889517	0	0	47.3770918333	8.54138716667
1389185585	8.88653889517	0	0	47.3772491667	8.5394305
1389185614	8.6893206328	0	0	47.3772501667	8.53941533333
1389185645	8.6893206328	0	0	47.3773231667	8.53858483333
1389185675	8.51675465323	0	0	47.3760245	8.53736466667
1389185705	8.51675465323	0	0	47.3759311667	8.53726533333
1389185734	8.44279780484	0	0	47.3761533333	8.535733
1389185766	8.44279780484	0	0	47.376266	8.53429133333
1389185794	8.56605921882	0	0	47.3761136667	8.53415883333
1389185825	8.56605921882	0	0	47.3740835	8.53209933333
1389185854	8.72243740978	0	0	47.37357	8.53098183333
1389185885	8.72243740978	0	0	47.3735651667	8.52950466667
1389185916	8.79788828557	0	0	47.373515	8.52950066667
1389185945	8.79788828557	0	0	47.3733921667	8.5289705
1389185975	8.64001606721	0	0	47.3737841667	8.52651583333
1389186005	8.64001606721	0	0	47.3740961667	8.5257155
1389186035	8.66466835001	0	0	47.374338	8.52391533333
1389186755	8.62183624205	0	0	47.3745533333	8.48498533333
1389186785	8.62183624205	0	0	47.3745598333	8.48499633333
1389186815	8.62183624205	0	0	47.374577	8.485006
1389186845	8.67213682591	0	0	47.3745636667	8.48501633333
1389186874	8.67213682591	0	0	47.374556	8.48501083333
1389186905	8.78137348194	0	0	47.3745405	8.48500433333
1389186935	8.78137348194	0	0	47.3745223333	8.4849965
1389186966	8.75571512042	0	0	47.3745281667	8.48499683333
1389186995	8.75571512042	0	0	47.3745421667	8.48498733333
1389187025	8.75571512042	0	0	47.3745791667	8.48499866667
1389187055	8.75571512042	0	0	47.3745771667	8.48499616667
1389187085	8.84150014171	0	0	47.374524	8.48499716667
1389187115	8.84150014171	0	0	47.3742575	8.484986
1389187146	8.81532344692	0	0	47.3750996667	8.48526433333
1389187175	8.81532344692	0	0	47.3756801667	8.48787183333
1389187205	8.73679336254	0	0	47.3757956667	8.48830516667
1389187235	8.73679336254	0	0	47.3775053333	8.49199233333
1389187266	8.68443997295	0	0	47.3785343333	8.49410066667
1389187295	8.68443997295	0	0	47.3790203333	8.4948285
1389187326	8.75571512042	0	0	47.3782113333	8.49705016667
1389187355	8.75571512042	0	0	47.3774575	8.49896216667
1389187415	8.78137348194	0	0	47.3774468333	8.50531933333
1389187445	8.88400692802	0	0	47.3776443333	8.5072575
1389187475	8.88400692802	0	0	47.3780603333	8.50929966667
1389187475	8.88400692802	0	0	47.3780603333	8.50929966667
1389187505	8.78137348194	0	0	47.3781498333	8.50997083333
1389187535	8.78137348194	0	0	47.378135	8.5102655
1389187565	8.67213682591	0	0	47.3770448333	8.5132275
1389187595	8.67213682591	0	0	47.376737	8.51386933333
1389187625	8.59668595012	0	0	47.375573	8.516974
1389187655	8.59668595012	0	0	47.3754591667	8.5175805
1389187685	8.52123507432	0	0	47.374987	8.51931266667
1389188346	8.19627497689	0	0	47.3770323333	8.5401785
1389188375	8.19627497689	0	0	47.3769995	8.54174833333
1389188406	8.39349323925	0	0	47.3768471667	8.54325783333
1389188436	8.39349323925	0	0	47.376775	8.543857
1389188496	8.49210237044	0	0	47.3744095	8.54608383333
1389188526	8.39349323925	0	0	47.3728656667	8.54737266667
1389188555	8.39349323925	0	0	47.3724041667	8.54754016667
1389188591	8.39349323925	0	0	47.3708695	8.54836183333
1389188616	8.39349323925	0	0	47.3707406667	8.54870583333
1389188646	8.39349323925	0	0	47.3707146667	8.548669
1389188676	8.36884095646	0	0	47.3701773333	8.5506445
1389188707	8.36884095646	0	0	47.369464	8.554096
1389188736	8.31953639087	0	0	47.3693213333	8.55471983333
1389188766	8.31953639087	0	0	47.3691998333	8.55743333333
1389188796	8.39349323925	0	0	47.3681666667	8.559978
1389188826	8.39349323925	0	0	47.3681538333	8.56005816667
1389188856	8.39349323925	0	0	47.3673655	8.56101583333
1389188885	8.39349323925	0	0	47.3661985	8.56230916667
1389188886	8.39349323925	0	0	47.3661985	8.56230916667
1389188916	8.34418867366	0	0	47.3657483333	8.5632515
1389188916	8.34418867366	0	0	47.3657483333	8.5632515
1389188946	8.34418867366	0	0	47.3655226667	8.56372216667
1389188976	8.31953639087	0	0	47.3654645	8.5638065
1389189007	8.31953639087	0	0	47.3646286667	8.56614783333
1389189036	8.31953639087	0	0	47.3638795	8.56664466667
1389189067	8.31953639087	0	0	47.3638843333	8.56635433333
1389189096	8.44279780484	0	0	47.3638815	8.5663285
1389189127	8.44279780484	0	0	47.3638745	8.56631733333
1389189157	8.51675465323	0	0	47.3638975	8.5663155
1389189186	8.51675465323	0	0	47.363905	8.5663335
1389189216	8.54140693603	0	0	47.363899	8.5663535
1389189246	8.54140693603	0	0	47.3638826667	8.566328
1389189276	8.59071150162	0	0	47.363884	8.5663305
1389189306	8.59071150162	0	0	47.3638755	8.5663375
1389189336	8.66466835001	0	0	47.363874	8.5663425
1389189367	8.66466835001	0	0	47.3640715	8.56627
1389189396	8.66466835001	0	0	47.3644625	8.56649966667
1389189426	8.66466835001	0	0	47.3652566667	8.56466966667
1389189456	8.6893206328	0	0	47.3661795	8.5624335
1389189487	8.6893206328	0	0	47.3667525	8.56158683333
1389189487	8.6893206328	0	0	47.3667525	8.56158683333
1389189516	8.61536378441	0	0	47.368011	8.56046016667
1389189546	8.61536378441	0	0	47.3681488333	8.56027283333
1389189576	8.56605921882	0	0	47.3691645	8.55760033333
1389189607	8.56605921882	0	0	47.369219	8.555606
1389189636	8.56605921882	0	0	47.3694001667	8.55418816667
1389189667	8.56605921882	0	0	47.3702451667	8.55054683333
1389189696	8.49210237044	0	0	47.3704585	8.54987816667
1389189727	8.49210237044	0	0	47.3706476667	8.54911683333
1389189756	8.46745008764	0	0	47.3707233333	8.54879983333
1389189786	8.46745008764	0	0	47.3717798333	8.54769783333
1389189816	8.39349323925	0	0	47.3727738333	8.547466
1389189847	8.39349323925	0	0	47.3736905	8.54672616667
1389189876	8.31953639087	0	0	47.3758113333	8.54518533333
1389189906	8.31953639087	0	0	47.376853	8.54432433333
1389189937	8.27023182527	0	0	47.3767485	8.54382866667
1389189967	8.27023182527	0	0	47.376926	8.54253766667
1389189996	8.31953639087	0	0	47.3770715	8.54109883333
1389190027	8.31953639087	0	0	47.3772373333	8.53939566667
1389190056	8.3451830308	0	0	47.377314	8.53923166667
1389190086	8.3451830308	0	0	47.3772788333	8.53851266667
1389190116	8.16913098728	0	0	47.3759635	8.537361
1389190147	8.16913098728	0	0	47.3757405	8.537174
1389190177	8.06852981955	0	0	47.3759336667	8.53612416667
1389190207	8.06852981955	0	0	47.3763438333	8.53456366667
1389190236	8.09368011148	0	0	47.3761506667	8.53416816667
1389190267	8.09368011148	0	0	47.3752775	8.53309466667
1389190297	8.11883040341	0	0	47.3737676667	8.53189483333
1389190327	8.11883040341	0	0	47.373559	8.5317545
1389190357	8.11883040341	0	0	47.373626	8.53012216667
1389190387	8.11883040341	0	0	47.3735928333	8.5301225
1389190417	8.08859772092	0	0	47.3736026667	8.53007866667
1389190447	8.08859772092	0	0	47.3734356667	8.52896466667
1389190482	8.01822923569	0	0	47.373805	8.52655116667
1389190507	8.01822923569	0	0	47.3741363333	8.52569816667
1389191227	7.85114301774	0	0	47.3751656667	8.48527033333
1389191257	7.85114301774	0	0	47.3745405	8.48500516667
1389191287	7.92509986613	0	0	47.3745475	8.48499683333
1389191317	7.92509986613	0	0	47.3745263333	8.48497266667
1389191348	7.94975214893	0	0	47.374525	8.4849605
1389191377	7.94975214893	0	0	47.374524	8.484981
1389191407	7.99905671452	0	0	47.3745235	8.48496966667
1389191437	7.99905671452	0	0	47.3745221667	8.48497
1389191468	8.07301356291	0	0	47.374514	8.48497066667
1389191497	8.07301356291	0	0	47.374536	8.48499883333
1389191527	7.71397020289	0	0	47.3745348333	8.48500116667
1389191557	7.71397020289	0	0	47.3745335	8.48499416667
1389191587	7.76229847269	0	0	47.3745288333	8.48497766667
1389191617	7.76229847269	0	0	47.3742211667	8.4848975
1389191648	7.8831191472	0	0	47.3749895	8.48514983333
1389191677	7.8831191472	0	0	47.3756535	8.48756883333
1389191707	7.9556115519	0	0	47.3757343333	8.48803283333
1389191737	7.9556115519	0	0	47.3771325	8.491178
1389191768	7.9797756868	0	0	47.3784591667	8.4939385
1389191797	7.9797756868	0	0	47.3785621667	8.49409033333
1389191828	7.8831191472	0	0	47.3790338333	8.49480933333
1389191857	7.8831191472	0	0	47.3782458333	8.49703783333
1389191888	7.8589550123	0	0	47.3775088333	8.49877416667
1389191917	7.8589550123	0	0	47.3773941667	8.49915483333
1389191948	7.76229847269	0	0	47.3775015	8.50435466667
1389191977	7.76229847269	0	0	47.3776805	8.50728683333
1389192008	7.71397020289	0	0	47.3777871667	8.50786233333
1389192037	7.71397020289	0	0	47.378108	8.5093375
1389192068	7.61731366329	0	0	47.3781951667	8.51022216667
1389192097	7.61731366329	0	0	47.3781543333	8.510424
1389192128	7.56898539348	0	0	47.3769705	8.51337283333
1389192158	7.56898539348	0	0	47.3766921667	8.51382183333
1389192188	7.61731366329	0	0	47.3755968333	8.51665716667
1389192218	7.61731366329	0	0	47.3754345	8.51747733333
1389192248	7.56898539348	0	0	47.3752483333	8.51825733333
1389192277	7.56898539348	0	0	47.3746968333	8.5204465
1389192939	7.49649298878	0	0	47.3768113333	8.54440916667
1389192968	7.49649298878	0	0	47.3749703333	8.54566883333
1389192999	7.49649298878	0	0	47.3730523333	8.547227
1389193028	7.49649298878	0	0	47.3726296667	8.54747383333
1389193058	7.47232885388	0	0	47.3714401667	8.54780616667
1389193088	7.47232885388	0	0	47.3706988333	8.54872816667
1389193118	7.44816471898	0	0	47.3706983333	8.548763
1389193148	7.44816471898	0	0	47.3707093333	8.548777
1389193178	7.44816471898	0	0	47.3700795	8.5512975
1389193208	7.44816471898	0	0	47.3694506667	8.55421533333
1389193238	7.39983644917	0	0	47.3693778333	8.55450466667
1389193268	7.39983644917	0	0	47.3693066667	8.55687233333
1389193298	7.39983644917	0	0	47.3682271667	8.559722
1389193328	7.39983644917	0	0	47.3681431667	8.56005483333
1389193358	7.35150817937	0	0	47.366731	8.56153866667
1389193388	7.35150817937	0	0	47.3661581667	8.56232216667
1389193418	7.32734404447	0	0	47.365808	8.56297
1389193448	7.32734404447	0	0	47.364872	8.56556633333
1389193478	7.32734404447	0	0	47.3640975	8.56671483333
1389193509	7.32734404447	0	0	47.3638871667	8.56628916667
1389183913	8.33024647779	0	0	47.39791	8.48219566667
1389183943	8.33024647779	0	0	47.3979321667	8.482176
1389183973	8.23112092756	0	0	47.3979043333	8.4821855
1389184003	8.23112092756	0	0	47.397891	8.482203
1389184033	8.28040502538	0	0	47.3978865	8.4822235
1389184063	8.28040502538	0	0	47.3978728333	8.482233
1389184093	8.31411436509	0	0	47.3978596667	8.482232
1389184123	8.31411436509	0	0	47.3978613333	8.48222533333
1389184153	8.30843882614	0	0	47.3978705	8.48221433333
1389184183	8.30843882614	0	0	47.3978663333	8.48216233333
1389184213	8.24371040687	0	0	47.397906	8.4821625
1389184243	8.24371040687	0	0	47.3979358333	8.48214616667
1389184273	8.23201539223	0	0	47.3979051667	8.48216316667
1389184303	8.23201539223	0	0	47.3979075	8.48217316667
1389184333	8.24760821972	0	0	47.3975576667	8.4820935
1389184363	8.24760821972	0	0	47.39661	8.48431383333
1389184393	8.29049046544	0	0	47.3963555	8.4850425
1389184423	8.29049046544	0	0	47.395176	8.48955583333
1389184453	8.23201539223	0	0	47.3951028333	8.48974483333
1389184483	8.23201539223	0	0	47.3953826667	8.49184166667
1389184513	8.25540542151	0	0	47.3975235	8.49439133333
1389184543	8.25540542151	0	0	47.3976091667	8.494762
1389184573	8.30843882614	0	0	47.3963681667	8.497462
1389184603	8.30843882614	0	0	47.3956331667	8.49867683333
1389184633	8.30843882614	0	0	47.3942731667	8.503876
1389184663	8.30843882614	0	0	47.3941975	8.50450283333
1389184693	8.23965819908	0	0	47.393855	8.508232
1389184723	8.23965819908	0	0	47.393804	8.50930783333
1389184753	8.20174989939	0	0	47.3936525	8.5122965
1389184783	8.20174989939	0	0	47.393409	8.5132835
1389184813	8.20174989939	0	0	47.3923293333	8.517019
1389184843	8.20174989939	0	0	47.39218	8.517486
1389185533	8.13199537733	0	0	47.3778965	8.54169933333
1389185563	8.13199537733	0	0	47.3773973333	8.54169566667
1389185593	8.1209814273	0	0	47.3770778333	8.54032066667
1389185623	8.1209814273	0	0	47.3770365	8.5401965
1389185653	8.17927700625	0	0	47.3772231667	8.539377
1389185683	8.17927700625	0	0	47.3772771667	8.53923633333
1389185713	8.11185832683	0	0	47.3773198333	8.5392395
1389185743	8.11185832683	0	0	47.3775988333	8.53857833333
1389185773	8.07814898712	0	0	47.3774425	8.537489
1389185803	8.07814898712	0	0	47.3770111667	8.537013
1389185834	8.14300932735	0	0	47.3770466667	8.53696733333
1389185863	8.14300932735	0	0	47.376986	8.53697183333
1389185894	8.1650372274	0	0	47.3769596667	8.53698983333
1389185923	8.1650372274	0	0	47.3769725	8.5370025
1389185954	8.15402327738	0	0	47.3770056667	8.5370215
1389185984	8.15402327738	0	0	47.377077	8.537003
1389186014	8.13433121997	0	0	47.3770321667	8.53702
1389186044	8.13433121997	0	0	47.3770266667	8.53696516667
1389186074	8.10996747728	0	0	47.3762781667	8.53641533333
1389186104	8.10996747728	0	0	47.3758458333	8.53672683333
1389186134	8.06591167717	0	0	47.3755583333	8.53773166667
1389186164	8.06591167717	0	0	47.3754288333	8.53880683333
1389186194	8.06591167717	0	0	47.3760385	8.53940816667
1389186224	8.06591167717	0	0	47.3761935	8.53945333333
1389186254	8.03286982709	0	0	47.3770026667	8.54034716667
1389186284	8.03286982709	0	0	47.3770456667	8.54148583333
1389186314	8.0769256272	0	0	47.3778733333	8.541746
1389186344	8.0769256272	0	0	47.3780188333	8.54167483333
1389186374	8.04388377712	0	0	47.3785691667	8.5405945
1389186404	8.04388377712	0	0	47.3793983333	8.53789733333
1389186434	8.06591167717	0	0	47.3798845	8.53752916667
1389186464	8.06591167717	0	0	47.37989	8.53751616667
1389186494	8.01084192704	0	0	47.3799033333	8.53752366667
1389186523	8.01084192704	0	0	47.38043	8.53738033333
1389186554	8.03286982709	0	0	47.3821638333	8.53503466667
1389186584	8.03286982709	0	0	47.3825011667	8.534558
1389186614	8.02185587707	0	0	47.3843835	8.53198533333
1389186644	8.02185587707	0	0	47.3846248333	8.5316695
1389186674	7.97780007697	0	0	47.385979	8.52983766667
1389186704	7.97780007697	0	0	47.3867395	8.52882083333
1389186734	7.97780007697	0	0	47.3878945	8.52703733333
1389186764	7.97780007697	0	0	47.388441	8.526098
1389186794	8.06591167717	0	0	47.388869	8.525362
1389186824	8.06591167717	0	0	47.3901135	8.52356966667
1389186854	8.03286982709	0	0	47.3901373333	8.52352216667
1389186884	8.03286982709	0	0	47.3901536667	8.523489
1389187574	8.34782370481	0	0	47.3979083333	8.48216216667
1389187604	8.34782370481	0	0	47.3979118333	8.4821575
1389187634	8.28040502538	0	0	47.397906	8.48217166667
1389187664	8.28040502538	0	0	47.3979165	8.482155
1389187694	8.17927700625	0	0	47.397915	8.4821275
1389187724	8.17927700625	0	0	47.3979003333	8.48212733333
1389187754	8.14795069633	0	0	47.3978858333	8.48210016667
1389187784	8.14795069633	0	0	47.3978785	8.48208133333
1389187814	8.14795069633	0	0	47.3978821667	8.48210066667
1389187844	8.14795069633	0	0	47.3978738333	8.48209733333
1389187874	8.14795069633	0	0	47.3978695	8.48207116667
1389187904	8.14795069633	0	0	47.3978881667	8.48211033333
1389187934	8.24371040687	0	0	47.3970891667	8.483272
1389187964	8.24371040687	0	0	47.3964198333	8.48495883333
1389187994	8.30218548009	0	0	47.3957935	8.48734033333
1389188024	8.30218548009	0	0	47.3951411667	8.48974466667
1389188054	8.26258507476	0	0	47.394907	8.49070283333
1389188084	8.26258507476	0	0	47.3964001667	8.49314833333
1389188114	8.31990226398	0	0	47.3975535	8.4945285
1389188144	8.31990226398	0	0	47.3972761667	8.49583383333
1389188174	8.29697538829	0	0	47.3963726667	8.49749166667
1389188204	8.29697538829	0	0	47.3947473333	8.50034183333
1389188234	8.15680411311	0	0	47.3942563333	8.50402783333
1389188265	8.15680411311	0	0	47.3941406667	8.504671
1389188294	8.16804055968	0	0	47.3938353333	8.5082665
1389188324	8.16804055968	0	0	47.3938226667	8.509166
1389188354	8.29164147195	0	0	47.3936531667	8.51230633333
1389188384	8.29164147195	0	0	47.3934468333	8.51313583333
1389188414	8.14556766654	0	0	47.3924386667	8.51690483333
1389188444	8.14556766654	0	0	47.3922321667	8.51748183333
1389189135	8.04388377712	0	0	47.3770786667	8.54015383333
1389189165	8.04388377712	0	0	47.3772175	8.53955933333
1389189195	7.96678612694	0	0	47.3773195	8.539246
1389189225	7.96678612694	0	0	47.3773551667	8.53929216667
1389189255	7.94331162828	0	0	47.3776818333	8.53824133333
1389189285	7.94331162828	0	0	47.3772378333	8.53717766667
1389189315	7.97702096799	0	0	47.3770613333	8.5369355
1389189345	7.97702096799	0	0	47.3770155	8.5368945
1389189375	8.02196675427	0	0	47.3770151667	8.5368865
1389189405	8.02196675427	0	0	47.3770233333	8.53689966667
1389189435	8.0107303077	0	0	47.3770293333	8.53689816667
1389189465	8.0107303077	0	0	47.3770301667	8.53691816667
1389189495	7.97599912869	0	0	47.3770238333	8.536979
1389189525	7.97599912869	0	0	47.3769966667	8.53695766667
1389189555	8.02185288006	0	0	47.3770533333	8.53693466667
1389189585	8.02185288006	0	0	47.377071	8.53693766667
1389189615	8.01038944222	0	0	47.377042	8.53696816667
1389189645	8.01038944222	0	0	47.3770291667	8.536937
1389189675	8.05659017257	0	0	47.3763646667	8.53640066667
1389189705	8.05659017257	0	0	47.3758703333	8.53661233333
1389189735	8.03320014329	0	0	47.3755486667	8.5378715
1389189765	8.03320014329	0	0	47.375385	8.5386205
1389189795	8.009810114	0	0	47.375457	8.53914216667
1389189825	8.009810114	0	0	47.375686	8.53931233333
1389189855	8.01038944222	0	0	47.3760896667	8.53954666667
1389189885	8.01038944222	0	0	47.3762145	8.53951383333
1389189915	7.99892600437	0	0	47.3769875	8.540101
1389189945	7.99892600437	0	0	47.3770195	8.5411195
1389189975	8.01038944222	0	0	47.3773455	8.54173433333
1389190005	8.01038944222	0	0	47.377881	8.54175666667
1389190035	7.97599912869	0	0	47.378516	8.54123533333
1389190065	7.97599912869	0	0	47.3792325	8.53831533333
1389190095	7.97702096799	0	0	47.3793961667	8.537901
1389190125	7.97702096799	0	0	47.3793925	8.53790633333
1389190155	7.97702096799	0	0	47.379876	8.5375475
1389190185	7.97702096799	0	0	47.3802748333	8.53758783333
1389190215	7.97702096799	0	0	47.3820958333	8.53509466667
1389190245	7.97702096799	0	0	47.3823158333	8.53478333333
1389190275	7.95454807485	0	0	47.3841145	8.53232683333
1389190305	7.95454807485	0	0	47.3846188333	8.53168783333
1389190335	7.9320751817	0	0	47.3856578333	8.53029083333
1389190365	7.9320751817	0	0	47.386752	8.528796
1389190395	7.96578452142	0	0	47.3871645	8.52817166667
1389190425	7.96578452142	0	0	47.3884323333	8.52607066667
1389190455	7.97702096799	0	0	47.3891785	8.5248325
1389190485	7.97702096799	0	0	47.389883	8.52383833333
1389190515	7.98825741456	0	0	47.390127	8.5235105
1389191175	8.27517672766	0	0	47.3978178333	8.4818095
1389191205	8.27517672766	0	0	47.3979071667	8.4821505
1389191235	8.36328832787	0	0	47.3978955	8.482169
1389191265	8.36328832787	0	0	47.3979	8.482178
1389191295	8.32535081166	0	0	47.3978966667	8.48218283333
1389191325	8.32535081166	0	0	47.3978965	8.48218233333
1389191356	8.33658725823	0	0	47.3978996667	8.48215233333
1389191385	8.33658725823	0	0	47.3978938333	8.48213683333
1389191415	8.46018817051	0	0	47.3978995	8.48216783333
1389191445	8.46018817051	0	0	47.3978903333	8.482172
1389191475	8.5388432965	0	0	47.3979115	8.482162
1389191505	8.5388432965	0	0	47.397909	8.48216516667
1389191536	8.48266106365	0	0	47.3973913333	8.482536
1389191565	8.48266106365	0	0	47.3963825	8.48495216667
1389191596	8.17927700625	0	0	47.3961288333	8.48584233333
1389191625	8.17927700625	0	0	47.395215	8.48946566667
1389191656	8.24669568567	0	0	47.395036	8.49010583333
1389191686	8.24669568567	0	0	47.3957463333	8.49230816667
1389191716	8.35906015138	0	0	47.3975736667	8.494532
1389191746	8.35906015138	0	0	47.3976356667	8.4946615
1389191776	8.20174989939	0	0	47.3964821667	8.49728683333
1389191806	8.20174989939	0	0	47.3956085	8.4987115
1389191836	8.40734412797	0	0	47.3943453333	8.50314983333
1389191866	8.40734412797	0	0	47.3942445	8.5041425
1389191895	8.26416277764	0	0	47.3939045	8.506307
1389191926	8.26416277764	0	0	47.3938473333	8.50861066667
1389191955	8.19807907748	0	0	47.3937993333	8.50945316667
1389191986	8.19807907748	0	0	47.393692	8.51204266667
1389192016	8.19807907748	0	0	47.3936578333	8.51232733333
1389192046	8.19807907748	0	0	47.3926008333	8.51606333333
1389192075	8.08793957722	0	0	47.3923241667	8.51713183333
1389192106	8.08793957722	0	0	47.3918938333	8.51853933333
1389192796	7.95675394932	0	0	47.3772863333	8.53928683333
1389192826	7.95675394932	0	0	47.3776115	8.5384775
1389192856	7.9351622309	0	0	47.3774286667	8.53740516667
1389192886	7.9351622309	0	0	47.3770506667	8.53696983333
1389192916	7.91357051249	0	0	47.3770155	8.53696016667
1389192946	7.91357051249	0	0	47.377009	8.536945
1389192976	7.90277465328	0	0	47.3770173333	8.53694933333
1389193006	7.90277465328	0	0	47.3770118333	8.53698233333
1389193036	7.90277465328	0	0	47.3770003333	8.53702533333
1389193066	7.90277465328	0	0	47.3769896667	8.53701216667
1389193096	7.89197879407	0	0	47.3770091667	8.53703616667
1389193126	7.89197879407	0	0	47.3770233333	8.537014
1389193156	7.89197879407	0	0	47.3769976667	8.53701583333
1389193186	7.89197879407	0	0	47.376991	8.5370515
1389193216	7.88118293486	0	0	47.3769955	8.5370645
1389193246	7.88118293486	0	0	47.3767325	8.53674483333
1389193276	7.88118293486	0	0	47.3761748333	8.536376
1389193306	7.88118293486	0	0	47.3757416667	8.53711866667
1389193336	7.88118293486	0	0	47.375532	8.538286
1389193366	7.88118293486	0	0	47.3756393333	8.5392105
1389193396	7.90277465328	0	0	47.3760913333	8.5394895
1389193426	7.90277465328	0	0	47.3761463333	8.53956266667
1389193456	7.90277465328	0	0	47.3769828333	8.5402245
1389193486	7.90277465328	0	0	47.3770333333	8.5413305
1389193516	7.90277465328	0	0	47.377871	8.54176033333
1389183549	8.25409056179	0	0	47.3768148333	8.55478
1389183579	8.21081085351	0	0	47.3755066667	8.557534
1389183609	8.21081085351	0	0	47.3757351667	8.5589965
1389183639	8.16753114523	0	0	47.3762551667	8.55944616667
1389183670	8.16753114523	0	0	47.3767286667	8.5598585
1389183700	8.16753114523	0	0	47.378657	8.55930333333
1389183730	8.16753114523	0	0	47.3791778333	8.55967533333
1389183789	8.22163078058	0	0	47.3787108333	8.56418116667
1389183820	8.13507136402	0	0	47.3783898333	8.56657383333
1389183849	8.13507136402	0	0	47.3784693333	8.56774566667
1389183879	8.0701518016	0	0	47.3790165	8.5703475
1389183910	8.0701518016	0	0	47.3813531667	8.5715785
1389183939	8.02687209332	0	0	47.3820498333	8.57166666667
1389183970	8.02687209332	0	0	47.3818351667	8.57178866667
1389183999	8.08097172867	0	0	47.3818396667	8.57173916667
1389184029	8.08097172867	0	0	47.3818558333	8.57169766667
1389184059	8.04282821584	0	0	47.3818598333	8.57170316667
1389184089	8.04282821584	0	0	47.3818576667	8.571698
1389184120	8.06490522402	0	0	47.3818608333	8.5717005
1389184151	8.06490522402	0	0	47.3818563333	8.57171483333
1389184181	8.12009774448	0	0	47.381851	8.571708
1389184210	8.12009774448	0	0	47.3818603333	8.57170233333
1389184241	8.11541415672	0	0	47.3817023333	8.5716265
1389184269	8.11541415672	0	0	47.380245	8.57087733333
1389184300	8.13793715004	0	0	47.3787283333	8.56954116667
1389184329	8.13793715004	0	0	47.378541	8.567837
1389184359	8.08162966674	0	0	47.3784536667	8.5666895
1389184389	8.08162966674	0	0	47.3787543333	8.5644205
1389184419	8.08162966674	0	0	47.3788515	8.56367266667
1389184449	8.08162966674	0	0	47.3792351667	8.56113566667
1389184479	8.05910667341	0	0	47.3793123333	8.55968716667
1389184509	8.05910667341	0	0	47.3790436667	8.5593375
1389184539	8.11541415672	0	0	47.3776771667	8.559534
1389184569	8.11541415672	0	0	47.3764076667	8.55939433333
1389184599	8.17172164002	0	0	47.3763921667	8.55938216667
1389184629	8.17172164002	0	0	47.3754578333	8.5582425
1389184659	8.2595378813	0	0	47.3761826667	8.5561215
1389184689	8.2595378813	0	0	47.3769865	8.55413383333
1389184719	8.35144983313	0	0	47.3770771667	8.5535285
1389184749	8.35144983313	0	0	47.3767215	8.55272433333
1389184779	8.44336178496	0	0	47.3754883333	8.552985
1389184810	8.44336178496	0	0	47.3750738333	8.55266933333
1389184839	8.61569669464	0	0	47.3747666667	8.55097916667
1389184869	8.61569669464	0	0	47.3747711667	8.549643
1389184900	8.48931776087	0	0	47.3765491667	8.54878616667
1389184930	8.48931776087	0	0	47.3772791667	8.548083
1389184960	8.30685959995	0	0	47.3772005	8.547756
1389184990	8.30685959995	0	0	47.377011	8.54671516667
1389185020	8.27307510997	0	0	47.3780155	8.54580616667
1389185054	7.93523021015	0	0	47.3789653333	8.5451745
1389185079	7.93523021015	0	0	47.3793131667	8.54477533333
1389185110	7.93523021015	0	0	47.3789063333	8.544259
1389185140	7.93523021015	0	0	47.3778721667	8.544228
1389185170	7.94649170681	0	0	47.3770308333	8.54412733333
1389185200	7.94649170681	0	0	47.3769141667	8.5438105
1389185230	8.02532218343	0	0	47.3769691667	8.54255716667
1389185260	8.02532218343	0	0	47.3769973333	8.5420655
1389185290	7.95775320347	0	0	47.3770431667	8.54058566667
1389185320	7.95775320347	0	0	47.3769721667	8.53994933333
1389185350	8.00279919011	0	0	47.3763118333	8.5395195
1389185380	8.00279919011	0	0	47.3761666667	8.53946816667
1389185410	8.18298313668	0	0	47.3749936667	8.53880833333
1389185440	8.18298313668	0	0	47.3734801667	8.53826033333
1389185470	8.11541415672	0	0	47.3731845	8.53829266667
1389185500	8.11541415672	0	0	47.3720236667	8.538416
1389185530	8.10415266006	0	0	47.3705816667	8.5389275
1389185560	8.10415266006	0	0	47.3698495	8.538844
1389185590	8.31812109661	0	0	47.3697243333	8.53860383333
1389185620	8.31812109661	0	0	47.3686755	8.537352
1389185650	8.20550613	0	0	47.3679176667	8.53568916667
1389185680	8.20550613	0	0	47.3677775	8.53520616667
1389185710	8.05910667341	0	0	47.3670076667	8.53358383333
1389185740	8.05910667341	0	0	47.3663326667	8.53287866667
1389185770	8.13793715004	0	0	47.3657745	8.53217883333
1389185800	8.13793715004	0	0	47.3649016667	8.53156683333
1389185830	8.0928911634	0	0	47.364418	8.53188683333
1389185860	8.0928911634	0	0	47.364346	8.53179433333
1389185890	7.92396871349	0	0	47.364352	8.531555
1389185920	7.92396871349	0	0	47.364316	8.53130866667
1389185950	7.96901470013	0	0	47.3643026667	8.5314125
1389185980	7.96901470013	0	0	47.3640863333	8.53151733333
1389186010	8.22507089936	0	0	47.3642215	8.53134766667
1389186040	8.22507089936	0	0	47.364404	8.53143133333
1389186070	8.0412469957	0	0	47.3654586667	8.53185233333
1389186100	8.0412469957	0	0	47.3661335	8.53261516667
1389186130	8.22507089936	0	0	47.3662948333	8.53284366667
1389186160	8.22507089936	0	0	47.3673633333	8.5340285
1389186190	7.90144572017	0	0	47.367697	8.534989
1389186220	7.90144572017	0	0	47.3678551667	8.53564783333
1389186250	8.28433660663	0	0	47.3680168333	8.53598916667
1389186280	8.28433660663	0	0	47.3689475	8.53791733333
1389186310	8.08162966674	0	0	47.3697186667	8.5388005
1389186340	8.08162966674	0	0	47.3698615	8.53913966667
1389186370	8.08162966674	0	0	47.3708755	8.53889933333
1389186400	8.08162966674	0	0	47.3719881667	8.538515
1389186430	7.9655586872	0	0	47.37235	8.53835283333
1389186460	7.9655586872	0	0	47.3726716667	8.538397
1389186490	7.9655586872	0	0	47.3730435	8.53833816667
1389186520	7.9655586872	0	0	47.373584	8.53834216667
1389186550	8.19736727312	0	0	47.3751531667	8.53901816667
1389186580	8.19736727312	0	0	47.3759493333	8.53939266667
1389186611	8.03178971175	0	0	47.3760761667	8.53948
1389186640	8.03178971175	0	0	47.3763941667	8.53962666667
1389186670	7.98763569539	0	0	47.3767205	8.5397845
1389186700	7.98763569539	0	0	47.3769306667	8.5411645
1389186731	7.93244317493	0	0	47.3769266667	8.5418345
1389186761	7.93244317493	0	0	47.3767978333	8.54350266667
1389186791	8.07594372811	0	0	47.3768613333	8.54388333333
1389186820	8.07594372811	0	0	47.3772781667	8.54442766667
1389186851	8.0980207363	0	0	47.3789911667	8.54442533333
1389186880	8.0980207363	0	0	47.378995	8.545085
1389186911	7.9765971913	0	0	47.3786068333	8.54546883333
1389186941	7.9765971913	0	0	47.377194	8.546414
1389186970	7.9765971913	0	0	47.3772906667	8.54792766667
1389187001	7.9765971913	0	0	47.3768258333	8.548585
1389187031	7.92140467084	0	0	47.3760745	8.54892816667
1389187060	7.92140467084	0	0	47.3751398333	8.54936183333
1389187091	7.99867419948	0	0	47.3746461667	8.5498985
1389187121	7.99867419948	0	0	47.374767	8.55234766667
1389187151	7.9765971913	0	0	47.3749053333	8.55260483333
1389187181	7.9765971913	0	0	47.3760236667	8.553396
1389187211	7.99867419948	0	0	47.3770968333	8.552968
1389187241	7.99867419948	0	0	47.3769413333	8.554047
1389187271	7.98763569539	0	0	47.3760291667	8.556326
1389187301	7.98763569539	0	0	47.3754918333	8.55845783333
1389187331	7.9655586872	0	0	47.3762718333	8.55934183333
1389187361	7.9655586872	0	0	47.3763295	8.55935366667
1389187391	7.9765971913	0	0	47.378081	8.55941633333
1389187421	7.9765971913	0	0	47.3791565	8.55958516667
1389187451	7.98763569539	0	0	47.3791965	8.55965166667
1389187481	7.98763569539	0	0	47.3788535	8.56330733333
1389187511	8.04282821584	0	0	47.3787025	8.56431666667
1389187541	8.04282821584	0	0	47.3784538333	8.56767866667
1389187571	8.20840577721	0	0	47.3785795	8.56839566667
1389187601	8.20840577721	0	0	47.3803351667	8.57099966667
1389187631	8.87071602267	0	0	47.3818528333	8.57130166667
1389187661	8.87071602267	0	0	47.3818548333	8.57172033333
1389187691	9.37848721086	0	0	47.3818483333	8.5717135
1389187721	9.37848721086	0	0	47.3818303333	8.57171633333
1389187751	9.73706967584	0	0	47.3818166667	8.57172583333
1389187781	9.73706967584	0	0	47.3818298333	8.57173233333
1389187811	9.77085416583	0	0	47.3818453333	8.5717175
1389187841	9.77085416583	0	0	47.3818126667	8.57170366667
1389187871	9.43300926601	0	0	47.3804121667	8.57097116667
1389187901	9.43300926601	0	0	47.378837	8.56985666667
1389187931	8.93738852604	0	0	47.3785405	8.56785933333
1389187961	8.93738852604	0	0	47.3785071667	8.56611616667
1389187991	8.36293882711	0	0	47.3787393333	8.56432266667
1389188021	8.36293882711	0	0	47.3789911667	8.56250583333
1389188051	8.01826900774	0	0	47.3793658333	8.56018083333
1389188081	8.01826900774	0	0	47.379324	8.55967733333
1389188111	7.99529101979	0	0	47.3789151667	8.55918183333
1389188141	7.99529101979	0	0	47.3773476667	8.5596605
1389188171	8.2020929114	0	0	47.376395	8.55939033333
1389188201	8.2020929114	0	0	47.3764198333	8.55941283333
1389188231	8.16762592947	0	0	47.3755263333	8.55840533333
1389188262	8.16762592947	0	0	47.376076	8.55626916667
1389188293	8.15613693549	0	0	47.3769895	8.5541435
1389188323	8.15613693549	0	0	47.376973	8.554062
1389188352	8.14464794151	0	0	47.3771876667	8.552783
1389188383	8.14464794151	0	0	47.375996	8.55333183333
1389188411	8.14464794151	0	0	47.3750628333	8.5526645
1389188443	8.14464794151	0	0	47.3748291667	8.5521295
1389188473	8.08720297162	0	0	47.3747085	8.55009183333
1389188501	8.08720297162	0	0	47.375833	8.5491085
1389188534	8.05273598968	0	0	47.3768516667	8.5486755
1389188562	8.05273598968	0	0	47.3772188333	8.548491
1389188592	8.02975800172	0	0	47.3772641667	8.54778616667
1389188623	8.02975800172	0	0	47.3770751667	8.54692966667
1389188653	8.0928911634	0	0	47.377741	8.54604033333
1389188682	8.0928911634	0	0	47.3788753333	8.54524933333
1389188712	7.92396871349	0	0	47.3794035	8.54465366667
1389188743	7.92396871349	0	0	47.3784875	8.54429233333
1389188772	7.94649170681	0	0	47.3774521667	8.54422516667
1389188802	7.94649170681	0	0	47.3769183333	8.54378216667
1389188832	8.01406068677	0	0	47.3768963333	8.543289
1389188863	8.01406068677	0	0	47.3769986667	8.5419055
1389188892	8.22802912332	0	0	47.3770453333	8.5405265
1389188922	8.22802912332	0	0	47.3769405	8.53985733333
1389188952	7.98027619679	0	0	47.3763611667	8.53950916667
1389188982	7.98027619679	0	0	47.3761768333	8.53951183333
1389189012	7.93523021015	0	0	47.3752558333	8.53893966667
1389189042	7.93523021015	0	0	47.3737061667	8.53820283333
1389189072	7.91270721683	0	0	47.373192	8.53824683333
1389189102	7.91270721683	0	0	47.372412	8.53827283333
1389189132	7.98027619679	0	0	47.3706985	8.53885166667
1389189162	7.98027619679	0	0	47.3700666667	8.5390935
1389189192	7.94649170681	0	0	47.3697861667	8.5388005
1389189222	7.94649170681	0	0	47.3688063333	8.53748616667
1389189252	7.89018422351	0	0	47.3679718333	8.53598283333
1389189282	7.89018422351	0	0	47.3677771667	8.5351955
1389189312	7.8338767402	0	0	47.3678175	8.53516483333
1389189347	7.80009225022	0	0	47.3669723333	8.53361483333
1389189372	7.80009225022	0	0	47.3663396667	8.53275766667
1389189402	7.78883075356	0	0	47.3654165	8.53171016667
1389189432	7.78883075356	0	0	47.3645101667	8.531766
1389189462	7.84513823686	0	0	47.3642291667	8.5318985
1389189492	7.84513823686	0	0	47.3642108333	8.5319245
1389189522	7.78883075356	0	0	47.3641991667	8.53191383333
1389189552	7.78883075356	0	0	47.364175	8.53191033333
1389189582	7.76551114021	0	0	47.3638515	8.531773
1389189612	7.76551114021	0	0	47.3641716667	8.53135033333
1389189642	7.75402214623	0	0	47.3644071667	8.53139683333
1389189672	7.75402214623	0	0	47.365459	8.531852
1389189702	7.73104415828	0	0	47.3663438333	8.53268116667
1389189732	7.73104415828	0	0	47.367119	8.53392666667
1389189762	7.7195551643	0	0	47.3677121667	8.534872
1389189792	7.7195551643	0	0	47.367983	8.53568733333
1389189822	7.82261524354	0	0	47.3681443333	8.5362665
1389189852	7.82261524354	0	0	47.3690363333	8.53803133333
1389189882	7.82261524354	0	0	47.3696793333	8.5388255
1389189912	7.82261524354	0	0	47.3699291667	8.53917716667
1389189942	7.81135374688	0	0	47.371659	8.538599
1389189972	7.81135374688	0	0	47.3730145	8.5382705
1389190002	7.8338767402	0	0	47.3733853333	8.53827033333
1389190032	7.8338767402	0	0	47.3747088333	8.53883516667
1389190062	7.82261524354	0	0	47.3758248333	8.53956966667
1389190092	7.82261524354	0	0	47.3760651667	8.53959283333
1389190122	7.81135374688	0	0	47.3768208333	8.53997866667
1389190152	7.81135374688	0	0	47.3769345	8.5413445
1389190182	7.78883075356	0	0	47.3768626667	8.54241716667
1389190212	7.78883075356	0	0	47.3768158333	8.54379983333
1389190242	7.83309663811	0	0	47.3768535	8.54386316667
1389190273	7.83309663811	0	0	47.3781611667	8.54433816667
1389190303	7.77790411766	0	0	47.3792756667	8.54437633333
1389190333	7.77790411766	0	0	47.3790393333	8.54507333333
1389190363	7.71167309311	0	0	47.3783016667	8.54567466667
1389190392	7.71167309311	0	0	47.377107	8.546491
1389190423	7.81101962993	0	0	47.3773005	8.54780933333
1389190453	7.81101962993	0	0	47.376897	8.54859533333
1389190483	7.87725065448	0	0	47.3766605	8.54870466667
1389190513	7.87725065448	0	0	47.3751866667	8.54934766667
1389190543	7.81101962993	0	0	47.3747088333	8.55043883333
1389190573	7.81101962993	0	0	47.3747745	8.5520675
1389190603	7.83309663811	0	0	47.374946	8.55257083333
1389190633	7.83309663811	0	0	47.3757585	8.553247
1389190663	7.83309663811	0	0	47.376914	8.55261933333
1389190693	7.83309663811	0	0	47.3769475	8.55390016667
1389190724	7.92140467084	0	0	47.3769026667	8.55412616667
1389190753	7.92140467084	0	0	47.3756985	8.556957
1389190785	7.8441351422	0	0	47.375661	8.5587675
1389190815	7.8441351422	0	0	47.3762695	8.55931933333
1389190845	8.16425176084	0	0	47.376862	8.5597815
1389190873	8.16425176084	0	0	47.3786781667	8.5591755
1389190903	8.25255979357	0	0	47.3791631667	8.5595395
1389190933	8.25255979357	0	0	47.3793141667	8.55980866667
1389190963	8.14217475266	0	0	47.3787535	8.56367833333
1389190993	8.14217475266	0	0	47.3786238333	8.56460483333
1389191023	8.36294483448	0	0	47.378426	8.56765333333
1389191053	8.36294483448	0	0	47.3785248333	8.568643
1389191083	8.58371491631	0	0	47.3805458333	8.57107616667
1389191113	8.58371491631	0	0	47.3818171667	8.5712635
1389191143	9.26810216995	0	0	47.3818268333	8.571672
1389191173	9.26810216995	0	0	47.3818243333	8.57166883333
1389191203	9.43367973132	0	0	47.381838	8.57167833333
1389191233	9.43367973132	0	0	47.3818486667	8.57170566667
1389191263	9.55510327632	0	0	47.3818548333	8.57170483333
1389191293	9.55510327632	0	0	47.3818455	8.5717095
1389191323	9.52198776405	0	0	47.3818443333	8.5717145
1389191353	9.52198776405	0	0	47.3818525	8.57170383333
1389191383	9.62445470924	0	0	47.3818533333	8.571706
1389191413	9.62445470924	0	0	47.381859	8.5716935
1389191444	9.91725362241	0	0	47.3816141667	8.57159016667
1389191474	9.91725362241	0	0	47.379978	8.57075683333
1389191504	9.65823919922	0	0	47.3786885	8.569235
1389191534	9.65823919922	0	0	47.3785385	8.56785733333
1389191563	9.23030232612	0	0	47.378535	8.5659705
1389191594	9.23030232612	0	0	47.378762	8.564342
1389191623	8.9487649096	0	0	47.378997	8.56272683333
1389191654	8.9487649096	0	0	47.37935	8.5602915
1389191683	8.64470449977	0	0	47.379306	8.55969283333
1389191713	8.64470449977	0	0	47.3788888333	8.5591945
1389191743	8.49830504318	0	0	47.3773576667	8.55966633333
1389191774	8.49830504318	0	0	47.3763935	8.55941616667
1389191804	8.20550613	0	0	47.3763513333	8.55940616667
1389191834	8.20550613	0	0	47.3754381667	8.55819616667
1389191864	7.99153769345	0	0	47.3762008333	8.5560825
1389191894	7.99153769345	0	0	47.3769853333	8.55417866667
1389191924	7.93244317493	0	0	47.3770841667	8.5535925
1389191955	7.93244317493	0	0	47.3767581667	8.552704
1389191983	8.2194442813	0	0	47.3755765	8.553072
1389192015	8.2194442813	0	0	47.3750586667	8.55267833333
1389192044	8.13113624857	0	0	47.374786	8.551501
1389192074	8.13113624857	0	0	47.3747143333	8.54992666667
1389192104	8.16425176084	0	0	47.3762886667	8.54892716667
1389192134	8.16425176084	0	0	47.3768293333	8.54868883333
1389192165	8.20840577721	0	0	47.3771743333	8.54853183333
1389192195	8.20840577721	0	0	47.377229	8.54776033333
1389192225	8.13113624857	0	0	47.3770488333	8.546941
1389192254	8.13113624857	0	0	47.3777486667	8.54599566667
1389192284	8.19736727312	0	0	47.3788043333	8.54533833333
1389192315	8.19736727312	0	0	47.3791651667	8.54492833333
1389192345	7.9655586872	0	0	47.3790335	8.544245
1389192374	7.9655586872	0	0	47.3776585	8.5442985
1389192404	7.81101962993	0	0	47.3774131667	8.54424333333
1389192434	7.81101962993	0	0	47.3768863333	8.54382266667
1389192465	8.00523223918	0	0	47.376873	8.54376383333
1389192495	8.00523223918	0	0	47.376899	8.54296366667
1389192526	8.04851194746	0	0	47.3769326667	8.54249983333
1389192556	8.04851194746	0	0	47.3770536667	8.5411455
1389192585	8.09179165574	0	0	47.377037	8.54050716667
1389192616	8.09179165574	0	0	47.3765013333	8.5396265
1389192646	7.91867282262	0	0	47.3761715	8.5394855
1389192674	7.91867282262	0	0	47.3752281667	8.538989
1389192704	7.86457318726	0	0	47.373541	8.53827833333
1389192734	7.86457318726	0	0	47.3731476667	8.53829066667
1389192764	7.87539311433	0	0	47.3713408333	8.53872216667
1389192794	7.87539311433	0	0	47.3701233333	8.5391725
1389192824	7.83211340605	0	0	47.3698075	8.5388595
1389192854	7.83211340605	0	0	47.3688311667	8.5376345
1389192884	7.79965362484	0	0	47.3679056667	8.53572333333
1389192914	7.79965362484	0	0	47.3678328333	8.53524033333
1389192944	7.79965362484	0	0	47.366937	8.53354833333
1389192974	7.79965362484	0	0	47.3662975	8.53284516667
1389193004	7.74555398949	0	0	47.3652378333	8.53168916667
1389193034	7.74555398949	0	0	47.3645135	8.5318875
1389193064	7.72391413535	0	0	47.3644045	8.53196433333
1389193094	7.72391413535	0	0	47.3643488333	8.53193266667
1389193124	7.70227428121	0	0	47.3643456667	8.53196066667
1389193154	7.70227428121	0	0	47.3640865	8.53193133333
1389193184	7.69145435414	0	0	47.3641611667	8.5319755
1389193214	7.69145435414	0	0	47.3641435	8.53196766667
1389193244	7.6698145	0	0	47.3641193333	8.531978
1389193274	7.6698145	0	0	47.3640768333	8.53194016667
1389193304	7.6698145	0	0	47.3640688333	8.5319295
1389193334	7.6698145	0	0	47.3640776667	8.53197666667
1389193364	7.6506388656	0	0	47.3640943333	8.5319795
1389193394	7.6506388656	0	0	47.3640998333	8.53195383333
1389193424	7.6506388656	0	0	47.3641166667	8.53194833333
1389193454	7.6506388656	0	0	47.3641238333	8.531925
1389193484	7.64003318743	0	0	47.364122	8.53193116667
1389193514	7.64003318743	0	0	47.3641318333	8.531938
1389183556	8.93074758787	0	0	47.355335	8.513285
1389183586	9.27801097722	0	0	47.35326	8.51151166667
1389183616	9.27801097722	0	0	47.3531353333	8.51121683333
1389183646	9.27801097722	0	0	47.3526288333	8.50859483333
1389183676	9.27801097722	0	0	47.3521021667	8.5073485
1389183707	9.27801097722	0	0	47.352108	8.50732766667
1389183737	9.27801097722	0	0	47.3521151667	8.5073525
1389183767	9.27801097722	0	0	47.3521083333	8.50735316667
1389183797	9.27801097722	0	0	47.3521146667	8.50734816667
1389183827	9.27801097722	0	0	47.3521033333	8.50734383333
1389183857	9.27801097722	0	0	47.3521118333	8.50734483333
1389183887	9.27801097722	0	0	47.3521081667	8.50734616667
1389183917	9.27801097722	0	0	47.3521186667	8.50734333333
1389183947	9.27801097722	0	0	47.3521281667	8.507355
1389183977	9.27801097722	0	0	47.3521166667	8.50735383333
1389184007	9.63228955222	0	0	47.3519751667	8.507815
1389184037	9.63228955222	0	0	47.3526393333	8.50876116667
1389184067	9.63228955222	0	0	47.3531333333	8.51122983333
1389184097	9.63228955222	0	0	47.3531596667	8.51132016667
1389184127	9.63228955222	0	0	47.3544253333	8.512873
1389184157	9.63228955222	0	0	47.356584	8.51393083333
1389184187	9.63228955222	0	0	47.3567593333	8.51401016667
1389184217	9.63228955222	0	0	47.3583195	8.5153615
1389184247	9.27801097722	0	0	47.3587371667	8.51721283333
1389184277	9.27801097722	0	0	47.3586666667	8.51745666667
1389184307	9.27801097722	0	0	47.3580385	8.519992
1389184337	9.27801097722	0	0	47.357783	8.5205735
1389184367	9.27801097722	0	0	47.3582701667	8.52186516667
1389184397	9.27801097722	0	0	47.3597443333	8.5226525
1389184427	9.27801097722	0	0	47.3597323333	8.52265016667
1389184457	9.27801097722	0	0	47.3607545	8.52459616667
1389184487	9.27801097722	0	0	47.3621651667	8.52668066667
1389184517	9.27801097722	0	0	47.3623738333	8.52683266667
1389184547	9.27801097722	0	0	47.3640798333	8.52860983333
1389184577	9.27801097722	0	0	47.3645516667	8.53043166667
1389184607	8.93074758787	0	0	47.3648635	8.53101716667
1389184637	8.93074758787	0	0	47.3656468333	8.532005
1389184667	8.93074758787	0	0	47.3663775	8.53262016667
1389184697	8.93074758787	0	0	47.3671061667	8.53366966667
1389184727	8.93074758787	0	0	47.3678168333	8.53521833333
1389184757	8.93074758787	0	0	47.367948	8.5357915
1389184787	8.93074758787	0	0	47.3686301667	8.53741116667
1389184817	8.93074758787	0	0	47.3694651667	8.53847666667
1389184847	8.93074758787	0	0	47.369778	8.53876783333
1389184877	8.93074758787	0	0	47.36993	8.53905466667
1389184907	8.93074758787	0	0	47.3714441667	8.53864883333
1389184937	8.93074758787	0	0	47.3723386667	8.5383195
1389184967	8.93074758787	0	0	47.373009	8.538308
1389184997	8.93074758787	0	0	47.3734815	8.53830383333
1389185027	8.93074758787	0	0	47.374811	8.53894283333
1389185057	8.93074758787	0	0	47.3760066667	8.53945083333
1389185087	8.93074758787	0	0	47.3759923333	8.5394955
1389185117	8.93074758787	0	0	47.3766531667	8.53980466667
1389185147	8.93074758787	0	0	47.3769753333	8.541024
1389185177	8.93074758787	0	0	47.3770051667	8.54108216667
1389185207	8.93074758787	0	0	47.3770273333	8.54146016667
1389185237	8.93074758787	0	0	47.3778596667	8.54173633333
1389185267	8.93074758787	0	0	47.3778691667	8.54174516667
1389185297	8.93074758787	0	0	47.3785095	8.54122566667
1389185327	8.93074758787	0	0	47.3792086667	8.53837316667
1389185357	8.93074758787	0	0	47.3798711667	8.53752966667
1389185387	8.93074758787	0	0	47.3800496667	8.537617
1389185417	8.93074758787	0	0	47.3814983333	8.53583483333
1389185447	8.93074758787	0	0	47.3821623333	8.53495183333
1389185477	8.93074758787	0	0	47.3831035	8.5336945
1389185507	8.93074758787	0	0	47.3845415	8.53174266667
1389185537	8.93074758787	0	0	47.3845745	8.53167033333
1389185567	8.93074758787	0	0	47.3860075	8.5297695
1389185597	8.93074758787	0	0	47.3867221667	8.528795
1389185627	8.93074758787	0	0	47.387671	8.52736116667
1389185657	8.93074758787	0	0	47.388442	8.52617083333
1389185687	8.93074758787	0	0	47.3894638333	8.52454833333
1389185717	8.93074758787	0	0	47.39016	8.52354033333
1389185747	8.93074758787	0	0	47.3903038333	8.52331933333
1389186378	9.27801097722	0	0	47.4028238333	8.4914765
1389186407	9.27801097722	0	0	47.4034521667	8.48794666667
1389186438	9.27801097722	0	0	47.4037505	8.48637416667
1389186468	9.27801097722	0	0	47.4041495	8.48520366667
1389186498	9.27801097722	0	0	47.4050641667	8.48238066667
1389186528	9.27801097722	0	0	47.4054221667	8.48159533333
1389186559	9.27801097722	0	0	47.4054361667	8.48160333333
1389186588	9.27801097722	0	0	47.40568	8.48125116667
1389186618	9.27801097722	0	0	47.4051225	8.48191816667
1389186648	9.27801097722	0	0	47.4039541667	8.48562366667
1389186678	9.27801097722	0	0	47.4036943333	8.48634583333
1389186708	9.63228955222	0	0	47.4031578333	8.48975166667
1389186738	9.63228955222	0	0	47.4026721667	8.491929
1389186768	9.27801097722	0	0	47.4023845	8.49347333333
1389186799	9.27801097722	0	0	47.4021543333	8.4964425
1389186829	9.27801097722	0	0	47.4021673333	8.49711916667
1389186859	9.27801097722	0	0	47.4020316667	8.499164
1389186888	9.27801097722	0	0	47.4019176667	8.499641
1389186919	9.27801097722	0	0	47.4013835	8.50111766667
1389186978	9.27801097722	0	0	47.3996651667	8.5047395
1389187008	9.27801097722	0	0	47.3994773333	8.50515766667
1389187038	9.27801097722	0	0	47.397913	8.50704583333
1389187069	9.27801097722	0	0	47.3976438333	8.50765183333
1389187099	9.27801097722	0	0	47.3965995	8.51076533333
1389187129	9.27801097722	0	0	47.396344	8.51299983333
1389187159	9.27801097722	0	0	47.3963296667	8.51301066667
1389187189	9.27801097722	0	0	47.3963223333	8.51321933333
1389187218	9.27801097722	0	0	47.3957635	8.51631866667
1389187250	9.27801097722	0	0	47.3953341667	8.5191005
1389187278	9.27801097722	0	0	47.395224	8.51949633333
1389187308	9.27801097722	0	0	47.3933985	8.52220533333
1389187338	9.27801097722	0	0	47.3925698333	8.52356516667
1389187368	9.27801097722	0	0	47.3925173333	8.52364183333
1389188030	9.27801097722	0	0	47.3774906667	8.54172366667
1389188059	9.27801097722	0	0	47.3771023333	8.54136066667
1389188089	9.27801097722	0	0	47.3770171667	8.53994666667
1389188120	9.27801097722	0	0	47.3763561667	8.5395935
1389188148	9.27801097722	0	0	47.3762556667	8.53956966667
1389188178	9.27801097722	0	0	47.3751336667	8.538713
1389188208	9.27801097722	0	0	47.3733266667	8.53826616667
1389188238	9.27801097722	0	0	47.3731381667	8.53828516667
1389188269	9.27801097722	0	0	47.371321	8.53859233333
1389188298	9.27801097722	0	0	47.3702371667	8.53886666667
1389188328	8.93074758787	0	0	47.3699611667	8.538824
1389188358	8.93074758787	0	0	47.369464	8.53830516667
1389188388	9.27801097722	0	0	47.3681426667	8.536018
1389188418	9.27801097722	0	0	47.3679198333	8.5352785
1389188448	9.27801097722	0	0	47.3671053333	8.5336115
1389188478	9.27801097722	0	0	47.3664961667	8.53289833333
1389188508	9.27801097722	0	0	47.365433	8.531691
1389188538	9.27801097722	0	0	47.3647081667	8.53058766667
1389188569	9.27801097722	0	0	47.3642825	8.52936133333
1389188598	9.27801097722	0	0	47.3621231667	8.52666533333
1389188628	9.27801097722	0	0	47.3610475	8.52521033333
1389188658	9.27801097722	0	0	47.360223	8.52375033333
1389188689	9.27801097722	0	0	47.3597263333	8.5227955
1389188718	9.27801097722	0	0	47.3584865	8.5219225
1389188748	9.27801097722	0	0	47.3576488333	8.52077016667
1389188778	9.27801097722	0	0	47.3578395	8.52050383333
1389188809	9.27801097722	0	0	47.3586511667	8.51769666667
1389188839	9.27801097722	0	0	47.3586965	8.51747116667
1389188869	9.27801097722	0	0	47.3586296667	8.515887
1389188898	9.27801097722	0	0	47.3567526667	8.51397616667
1389188929	9.27801097722	0	0	47.3562768333	8.51373466667
1389188959	9.27801097722	0	0	47.353755	8.512304
1389188989	9.27801097722	0	0	47.35317	8.51131633333
1389189019	9.27801097722	0	0	47.35265	8.50880183333
1389189049	9.27801097722	0	0	47.3521265	8.50732983333
1389189079	9.27801097722	0	0	47.3521255	8.50733066667
1389189109	9.27801097722	0	0	47.3521255	8.507332
1389189139	9.27801097722	0	0	47.3521278333	8.50734866667
1389189169	8.93074758787	0	0	47.3521306667	8.50732866667
1389189199	8.93074758787	0	0	47.3521038333	8.50732066667
1389189229	8.93074758787	0	0	47.3521081667	8.50732533333
1389189259	8.93074758787	0	0	47.3521223333	8.50731016667
1389189289	8.93074758787	0	0	47.3521158333	8.5073125
1389189319	8.93074758787	0	0	47.352111	8.50732383333
1389189349	8.93074758787	0	0	47.3523263333	8.50781183333
1389189379	8.93074758787	0	0	47.3528273333	8.50986933333
1389189409	8.93074758787	0	0	47.3531513333	8.51129066667
1389189439	8.93074758787	0	0	47.3531686667	8.51130516667
1389189469	8.93074758787	0	0	47.353186	8.51130666667
1389189499	8.93074758787	0	0	47.3533431667	8.511681
1389189529	8.93074758787	0	0	47.3555488333	8.51343266667
1389189559	8.93074758787	0	0	47.3566808333	8.51401433333
1389189589	8.93074758787	0	0	47.358308	8.51536716667
1389189619	8.93074758787	0	0	47.3586903333	8.51733916667
1389189649	8.93074758787	0	0	47.358485	8.51816066667
1389189679	8.93074758787	0	0	47.357809	8.5205215
1389189709	8.93074758787	0	0	47.3576273333	8.520898
1389189739	8.93074758787	0	0	47.3587266667	8.52182566667
1389189769	8.93074758787	0	0	47.3597735	8.52262066667
1389189829	8.93074758787	0	0	47.3615276667	8.52589266667
1389189859	8.93074758787	0	0	47.3623633333	8.52680666667
1389189889	8.93074758787	0	0	47.363478	8.52779216667
1389189919	8.93074758787	0	0	47.364536	8.5304315
1389189949	8.93074758787	0	0	47.3647661667	8.53089283333
1389189979	8.93074758787	0	0	47.3659618333	8.53240183333
1389190009	8.93074758787	0	0	47.3664998333	8.532775
1389190039	8.93074758787	0	0	47.367666	8.53442133333
1389190069	8.93074758787	0	0	47.3680553333	8.53585116667
1389190099	8.93074758787	0	0	47.3685531667	8.5372125
1389190129	8.93074758787	0	0	47.3694943333	8.53852116667
1389190159	8.93074758787	0	0	47.3697718333	8.5388705
1389190189	8.93074758787	0	0	47.370216	8.53912233333
1389190219	8.93074758787	0	0	47.3720025	8.5384415
1389190249	8.93074758787	0	0	47.3730725	8.53821083333
1389190279	8.93074758787	0	0	47.3732255	8.53822116667
1389190309	8.93074758787	0	0	47.3739801667	8.53844966667
1389190339	8.93074758787	0	0	47.3752948333	8.53904766667
1389190369	8.93074758787	0	0	47.3758246667	8.53938466667
1389190399	8.93074758787	0	0	47.3761398333	8.53945783333
1389190429	8.93074758787	0	0	47.3766926667	8.53979733333
1389190459	8.93074758787	0	0	47.3770216667	8.5405895
1389190489	8.93074758787	0	0	47.3770261667	8.54074966667
1389190519	8.93074758787	0	0	47.377057	8.5413715
1389190549	8.93074758787	0	0	47.3774216667	8.54174066667
1389190579	8.93074758787	0	0	47.3775025	8.54176966667
1389190609	9.27801097722	0	0	47.3778536667	8.54175
1389190609	9.27801097722	0	0	47.3778536667	8.54175
1389190639	9.27801097722	0	0	47.3784635	8.5413915
1389190670	9.27801097722	0	0	47.3791515	8.53853283333
1389190699	9.27801097722	0	0	47.3798805	8.53755083333
1389190729	9.27801097722	0	0	47.3802451667	8.5376145
1389190759	9.27801097722	0	0	47.3819893333	8.5352155
1389190789	9.27801097722	0	0	47.3823453333	8.53470616667
1389190789	9.27801097722	0	0	47.3823453333	8.53470616667
1389190819	9.27801097722	0	0	47.3841865	8.53221533333
1389190850	9.27801097722	0	0	47.384614	8.53167816667
1389190879	9.27801097722	0	0	47.3856078333	8.530351
1389190909	9.27801097722	0	0	47.3867433333	8.52880566667
1389190939	9.27801097722	0	0	47.3873275	8.52794016667
1389190970	9.27801097722	0	0	47.3883998333	8.5260905
1389190999	9.27801097722	0	0	47.38923	8.52471566667
1389191029	9.27801097722	0	0	47.390136	8.5235035
1389191720	9.27801097722	0	0	47.4037458333	8.486388
1389191750	9.27801097722	0	0	47.404306	8.484854
1389191780	9.27801097722	0	0	47.405091	8.48222916667
1389191810	9.27801097722	0	0	47.4054311667	8.4816175
1389191840	9.27801097722	0	0	47.405432	8.48162433333
1389191870	9.27801097722	0	0	47.4054348333	8.481634
1389191900	9.27801097722	0	0	47.4054281667	8.4816335
1389191930	9.27801097722	0	0	47.4054221667	8.481626
1389191960	9.27801097722	0	0	47.405427	8.48161066667
1389191990	9.27801097722	0	0	47.4054366667	8.48162166667
1389192020	9.27801097722	0	0	47.4056436667	8.4814055
1389192050	9.27801097722	0	0	47.4051546667	8.481808
1389192080	9.27801097722	0	0	47.404141	8.48520133333
1389192110	9.27801097722	0	0	47.4036085	8.48695416667
1389192140	9.27801097722	0	0	47.402824	8.49137983333
1389192170	9.27801097722	0	0	47.4026401667	8.49222133333
1389192200	9.27801097722	0	0	47.4021435	8.49526583333
1389192230	9.27801097722	0	0	47.4021268333	8.49647866667
1389192260	9.27801097722	0	0	47.4020956667	8.49875283333
1389192290	9.27801097722	0	0	47.401939	8.49968
1389192320	9.27801097722	0	0	47.4010131667	8.50194916667
1389192350	9.27801097722	0	0	47.399762	8.50476583333
1389192380	9.27801097722	0	0	47.3993983333	8.50525133333
1389192410	9.27801097722	0	0	47.3977455	8.50739116667
1389192440	9.27801097722	0	0	47.3970545	8.50879166667
1389192470	9.27801097722	0	0	47.3963848333	8.51261883333
1389192500	9.27801097722	0	0	47.396338	8.5133685
1389192530	9.27801097722	0	0	47.3957376667	8.51643583333
1389192560	9.27801097722	0	0	47.3953611667	8.5190175
1389192590	9.27801097722	0	0	47.3953426667	8.51906966667
1389192620	9.27801097722	0	0	47.3937211667	8.52173016667
1389192650	9.27801097722	0	0	47.3925918333	8.52351916667
1389192680	9.27801097722	0	0	47.3925276667	8.523694
1389193341	8.93074758787	0	0	47.3770475	8.54125666667
1389193371	8.93074758787	0	0	47.3768461667	8.53985333333
1389193401	8.93074758787	0	0	47.3761831667	8.53954
1389193431	8.93074758787	0	0	47.3761743333	8.53953366667
1389193461	8.93074758787	0	0	47.3750915	8.53905633333
1389193491	8.93074758787	0	0	47.3734321667	8.5383675
1389193521	8.93074758787	0	0	47.3731023333	8.538342
1389183545	7.02342497549	0	0	47.3985541667	8.53327233333
1389183575	7.02342497549	0	0	47.400817	8.53415533333
1389183605	7.12680534243	0	0	47.4020605	8.53510916667
1389183635	7.12680534243	0	0	47.4022671667	8.535323
1389183665	7.09234522012	0	0	47.4044565	8.53700733333
1389183695	7.09234522012	0	0	47.4061051667	8.53778933333
1389183725	7.2646458317	0	0	47.4072183333	8.5383115
1389183755	7.2646458317	0	0	47.4086125	8.53926083333
1389183790	7.0578850978	0	0	47.409073	8.53979
1389183815	7.0578850978	0	0	47.4103998333	8.542083
1389183845	7.0578850978	0	0	47.4110711667	8.543766
1389183875	7.16126546475	0	0	47.4110536667	8.54379883333
1389183905	7.16126546475	0	0	47.4111211667	8.54401183333
1389183935	7.953848278	0	0	47.4108178333	8.54493733333
1389183965	7.953848278	0	0	47.410657	8.545796
1389184655	7.46787663957	0	0	47.4166273333	8.56915416667
1389184685	7.46787663957	0	0	47.416618	8.56916616667
1389184715	7.32441077335	0	0	47.416605	8.569169
1389184745	7.32441077335	0	0	47.4166318333	8.56917133333
1389184775	7.32441077335	0	0	47.4166436667	8.56916216667
1389184805	7.32441077335	0	0	47.4166535	8.5691875
1389184835	7.24167086881	0	0	47.4166411667	8.56919333333
1389184865	7.24167086881	0	0	47.416604	8.56918866667
1389184896	7.24167086881	0	0	47.4168511667	8.569575
1389184925	7.24167086881	0	0	47.4171346667	8.56881983333
1389184955	7.41745218355	0	0	47.4171368333	8.56737133333
1389184985	7.41745218355	0	0	47.4176775	8.563038
1389185015	7.61134250578	0	0	47.4182575	8.56166833333
1389185046	7.61134250578	0	0	47.4196716667	8.5582865
1389185075	7.754808372	0	0	47.4201396667	8.55716333333
1389185106	7.754808372	0	0	47.4203436667	8.55645366667
1389185136	7.64720897233	0	0	47.4182793333	8.5544825
1389185166	7.64720897233	0	0	47.417636	8.55390216667
1389185196	7.46787663957	0	0	47.414986	8.55148433333
1389185226	7.46787663957	0	0	47.4146185	8.5512075
1389185256	7.46787663957	0	0	47.4119596667	8.5504
1389185286	7.36027723991	0	0	47.4110331667	8.55018416667
1389186036	7.68307543889	0	0	47.3898816667	8.53907216667
1389186066	7.71894190544	0	0	47.3881336667	8.53925016667
1389186096	7.71894190544	0	0	47.3869853333	8.5396605
1389186126	7.754808372	0	0	47.3846238333	8.53999716667
1389186156	7.754808372	0	0	47.3843226667	8.54012366667
1389186187	7.57547603923	0	0	47.3823101667	8.54171766667
1389186216	7.57547603923	0	0	47.3805003333	8.54270333333
1389186246	7.3822959206	0	0	47.3800735	8.54263166667
1389186278	7.3822959206	0	0	47.3792666667	8.54287816667
1389186307	7.34713965766	0	0	47.3786676667	8.54216083333
1389186336	7.34713965766	0	0	47.3780735	8.54164116667
1389186367	7.2885443068	0	0	47.3774773333	8.54171983333
1389186396	7.2885443068	0	0	47.3774701667	8.54170966667
1389186426	7.13620207997	0	0	47.3774548333	8.54170533333
1389186457	7.13620207997	0	0	47.3770561667	8.54102266667
1389186487	7.18094490714	0	0	47.376758	8.539756
1389186516	7.18094490714	0	0	47.376193	8.53948983333
1389186547	7.03747904092	0	0	47.3760575	8.53951683333
1389186577	7.03747904092	0	0	47.3754391667	8.53903666667
1389186606	7.03747904092	0	0	47.3739158333	8.53823066667
1389186636	7.03747904092	0	0	47.3731896667	8.53831066667
1389186671	7.36027723991	0	0	47.3731435	8.53833433333
1389186697	7.36027723991	0	0	47.3718385	8.53850966667
1389186727	7.36027723991	0	0	47.3706355	8.53892033333
1389186757	7.62838976124	0	0	47.3699216667	8.53922633333
1389186787	7.62838976124	0	0	47.3698861667	8.53914266667
1389186818	7.87448360187	0	0	47.3696565	8.53918633333
1389186847	7.87448360187	0	0	47.3687505	8.539556
1389186878	7.48776470945	0	0	47.3683216667	8.53974683333
1389186907	7.48776470945	0	0	47.3669173333	8.54028966667
1389186938	7.41745218355	0	0	47.3664658333	8.54112783333
1389186967	7.41745218355	0	0	47.3665093333	8.5414955
1389187027	7.62838976124	0	0	47.3670105	8.54400366667
1389187056	7.43694644327	0	0	47.3668756667	8.54502533333
1389187086	7.43694644327	0	0	47.3668861667	8.54504483333
1389187116	7.0578850978	0	0	47.3666973333	8.54589766667
1389187176	7.36802619864	0	0	47.3660308333	8.5478025
1389187206	7.36802619864	0	0	47.366194	8.54790783333
1389187236	7.09234522012	0	0	47.3658738333	8.54983733333
1389187266	7.09234522012	0	0	47.365165	8.55318833333
1389187296	7.12680534243	0	0	47.364869	8.55402216667
1389187327	7.12680534243	0	0	47.364747	8.55430366667
1389187356	7.09234522012	0	0	47.3634245	8.55731566667
1389187388	7.09234522012	0	0	47.3629828333	8.55784966667
1389187417	7.91938815568	0	0	47.3618673333	8.5604405
1389187447	7.91938815568	0	0	47.3616916667	8.56088116667
1389187478	7.88492803337	0	0	47.360567	8.56294333333
1389187507	7.88492803337	0	0	47.3603576667	8.56497533333
1389187536	7.91938815568	0	0	47.3602885	8.56708566667
1389187568	7.91938815568	0	0	47.3601666667	8.56837966667
1389187597	8.09168876726	0	0	47.3585386667	8.57100633333
1389187627	8.09168876726	0	0	47.3580223333	8.57173183333
1389187659	7.40248632096	0	0	47.3563996667	8.5735795
1389187689	7.40248632096	0	0	47.3547585	8.57485566667
1389187719	7.2646458317	0	0	47.354496	8.57505383333
1389187749	7.2646458317	0	0	47.3530041667	8.5773585
1389187779	7.43694644327	0	0	47.3512385	8.579206
1389187808	7.43694644327	0	0	47.3510091667	8.58050933333
1389187837	7.90963986482	0	0	47.351077	8.58188833333
1389187867	7.90963986482	0	0	47.350685	8.58292483333
1389187897	8.12614888958	0	0	47.3507476667	8.58298883333
1389187927	8.12614888958	0	0	47.3507523333	8.58298116667
1389187957	8.16060901189	0	0	47.3507371667	8.58296
1389187987	8.16060901189	0	0	47.3507251667	8.58296433333
1389188017	8.4018298681	0	0	47.3507143333	8.58295416667
1389188047	8.4018298681	0	0	47.3507463333	8.58297066667
1389188077	8.53967035736	0	0	47.350721	8.58295566667
1389188107	8.53967035736	0	0	47.3507495	8.582965
1389188137	8.53967035736	0	0	47.350773	8.58296433333
1389188167	8.71197096893	0	0	47.350747	8.58296233333
1389188197	8.71197096893	0	0	47.3507591667	8.58297766667
1389188197	8.71197096893	0	0	47.3507591667	8.58297766667
1389188227	8.78089121357	0	0	47.3507388333	8.58297316667
1389188227	8.78089121357	0	0	47.3507388333	8.58297316667
1389188257	8.78089121357	0	0	47.3510825	8.5825995
1389188257	8.78089121357	0	0	47.3510825	8.5825995
1389188287	8.91873170283	0	0	47.3510168333	8.5805095
1389188317	8.91873170283	0	0	47.3512093333	8.57941033333
1389188347	8.98765194746	0	0	47.3529333333	8.57748016667
1389188377	8.98765194746	0	0	47.3543948333	8.5752065
1389188407	8.68307764967	0	0	47.3545505	8.57505483333
1389188437	8.68307764967	0	0	47.356057	8.57382616667
1389188467	7.94479612777	0	0	47.357846	8.57214466667
1389188497	7.94479612777	0	0	47.3581361667	8.57167583333
1389188527	7.90963986482	0	0	47.3600616667	8.56877
1389188557	7.90963986482	0	0	47.3602155	8.568363
1389188587	7.66354602419	0	0	47.3603848333	8.56516933333
1389188617	7.66354602419	0	0	47.360458	8.56445433333
1389188647	7.31198339471	0	0	47.3612671667	8.56160333333
1389188677	7.31198339471	0	0	47.361786	8.560785
1389188707	7.31198339471	0	0	47.3623685	8.55908066667
1389188737	7.31198339471	0	0	47.3631235	8.5578665
1389188767	7.31198339471	0	0	47.3635081667	8.55731433333
1389188797	7.31198339471	0	0	47.3646316667	8.55485
1389188827	7.34713965766	0	0	47.3650276667	8.55379466667
1389188857	7.34713965766	0	0	47.365399	8.552715
1389188887	8.29635875725	0	0	47.366081	8.549286
1389188917	8.29635875725	0	0	47.3664775	8.54792683333
1389188947	7.4526084465	0	0	47.3661715	8.54755783333
1389188977	7.4526084465	0	0	47.3659091667	8.54724833333
1389189007	7.80417107598	0	0	47.3667721667	8.54587383333
1389189037	7.80417107598	0	0	47.3669546667	8.54517216667
1389189067	7.43694644327	0	0	47.3670151667	8.5446565
1389189097	7.43694644327	0	0	47.3667926667	8.54254666667
1389189127	7.94479612777	0	0	47.3665216667	8.54133433333
1389189157	7.94479612777	0	0	47.366522	8.5413205
1389189187	8.08542117956	0	0	47.3667418333	8.540503
1389189217	8.08542117956	0	0	47.3681261667	8.53998
1389189247	7.66354602419	0	0	47.3682033333	8.53988233333
1389189277	7.66354602419	0	0	47.3692033333	8.53962133333
1389189308	7.13620207997	0	0	47.369758	8.53929633333
1389189337	7.13620207997	0	0	47.3697716667	8.539116
1389189368	7.06588955407	0	0	47.371185	8.538848
1389189397	7.06588955407	0	0	47.3722981667	8.53843766667
1389189427	7.83932733892	0	0	47.3730121667	8.538388
1389189457	7.83932733892	0	0	47.3730428333	8.53837116667
1389189487	8.01510865366	0	0	47.3740988333	8.538577
1389189517	8.01510865366	0	0	47.3753171667	8.53926016667
1389189547	8.01510865366	0	0	47.3760023333	8.539535
1389189577	7.55807723534	0	0	47.3764636667	8.53974766667
1389189607	7.55807723534	0	0	47.3768861667	8.54048266667
1389189637	7.3822959206	0	0	47.3769566667	8.54110366667
1389189668	7.3822959206	0	0	47.3769846667	8.54112766667
1389189698	7.33356607633	0	0	47.3772608333	8.54172616667
1389189728	7.33356607633	0	0	47.3778615	8.54176216667
1389189758	7.33356607633	0	0	47.3778626667	8.54174983333
1389189788	7.33356607633	0	0	47.3782445	8.54156966667
1389189818	7.34713965766	0	0	47.3787458333	8.54282583333
1389189848	7.34713965766	0	0	47.3800831667	8.5426875
1389189878	7.27682713176	0	0	47.3803128333	8.54279016667
1389189908	7.27682713176	0	0	47.3822378333	8.54177316667
1389189938	7.24167086881	0	0	47.3838178333	8.54055883333
1389189968	7.24167086881	0	0	47.3852033333	8.53996966667
1389189998	7.17135834292	0	0	47.3880253333	8.5393815
1389190028	7.17135834292	0	0	47.3883186667	8.53923916667
1389190058	7.13620207997	0	0	47.3906145	8.53894366667
1389190088	7.13620207997	0	0	47.3918535	8.538676
1389190118	7.27682713176	0	0	47.392168	8.5383895
1389190148	7.27682713176	0	0	47.3937446667	8.53748166667
1389190178	7.34713965766	0	0	47.3949898333	8.5363975
1389190208	7.34713965766	0	0	47.3962236667	8.53457266667
1389190238	7.4526084465	0	0	47.3977905	8.533566
1389190268	7.4526084465	0	0	47.3982553333	8.53340916667
1389190298	7.13620207997	0	0	47.3999998333	8.533574
1389190328	7.13620207997	0	0	47.4020535	8.53510783333
1389190358	7.27682713176	0	0	47.4021873333	8.53525733333
1389190388	7.27682713176	0	0	47.4046773333	8.53713
1389190418	7.31198339471	0	0	47.4060971667	8.53775783333
1389190448	7.31198339471	0	0	47.4077221667	8.53854383333
1389190478	7.3822959206	0	0	47.4085933333	8.539222
1389190508	7.3822959206	0	0	47.4100036667	8.54138983333
1389190538	7.17135834292	0	0	47.411004	8.543636
1389190568	7.17135834292	0	0	47.41108	8.54380466667
1389190598	7.13620207997	0	0	47.4110636667	8.54438316667
1389190628	7.13620207997	0	0	47.4110621667	8.54534366667
1389191378	7.10104581702	0	0	47.4166256667	8.56918183333
1389191408	6.99557702818	0	0	47.4166095	8.56915766667
1389191438	6.99557702818	0	0	47.4165883333	8.569172
1389191468	6.99557702818	0	0	47.4166013333	8.56917766667
1389191498	6.99557702818	0	0	47.4166066667	8.56918283333
1389191528	7.13620207997	0	0	47.416624	8.56919483333
1389191559	7.13620207997	0	0	47.41662	8.56919233333
1389191588	7.17135834292	0	0	47.4166013333	8.569196
1389191618	7.17135834292	0	0	47.4166138333	8.56917916667
1389191648	7.24167086881	0	0	47.4170413333	8.569505
1389191678	7.24167086881	0	0	47.4171353333	8.5688405
1389191708	7.31198339471	0	0	47.416811	8.56596683333
1389191738	7.31198339471	0	0	47.4181458333	8.56192683333
1389191768	6.99557702818	0	0	47.4184051667	8.561291
1389191798	6.99557702818	0	0	47.4200166667	8.55743166667
1389191829	6.99557702818	0	0	47.420245	8.55690433333
1389191859	6.99557702818	0	0	47.4196131667	8.55572183333
1389191889	7.31198339471	0	0	47.4176736667	8.55392266667
1389191919	7.31198339471	0	0	47.4165848333	8.55295016667
1389191949	7.4526084465	0	0	47.4147198333	8.55132816667
1389191979	7.4526084465	0	0	47.4140651667	8.55093566667
1389192009	7.13620207997	0	0	47.4113381667	8.550273
1389192039	7.13620207997	0	0	47.4110466667	8.550154
1389192729	6.67882375234	0	0	47.391786	8.5386665
1389192759	6.64436363002	0	0	47.3916863333	8.5387005
1389192789	6.64436363002	0	0	47.3900421667	8.539034
1389192819	6.60990350771	0	0	47.3881063333	8.5392595
1389192849	6.60990350771	0	0	47.3873813333	8.53969533333
1389192879	6.60990350771	0	0	47.384762	8.53994766667
1389192909	6.60990350771	0	0	47.3841643333	8.5402195
1389192939	6.71328387465	0	0	47.3819801667	8.54175483333
1389192969	6.71328387465	0	0	47.3803395	8.542835
1389192999	6.60990350771	0	0	47.3800948333	8.54260583333
1389193029	6.60990350771	0	0	47.3790603333	8.542844
1389193060	6.60990350771	0	0	47.3787303333	8.54249883333
1389193090	6.60990350771	0	0	47.3783078333	8.54149416667
1389193120	6.54098326308	0	0	47.3774761667	8.54170516667
1389193149	6.54098326308	0	0	47.377473	8.54168216667
1389193179	6.43760289613	0	0	47.3774546667	8.54171383333
1389193210	6.43760289613	0	0	47.3770586667	8.54124933333
1389193239	6.43760289613	0	0	47.376926	8.53987266667
1389193270	6.43760289613	0	0	47.3761946667	8.53950783333
1389193299	6.43760289613	0	0	47.3761696667	8.5395
1389193330	6.43760289613	0	0	47.3754281667	8.53915716667
1389193360	6.43760289613	0	0	47.3737995	8.53828366667
1389193389	6.43760289613	0	0	47.3731361667	8.53830983333
1389193420	6.50652314076	0	0	47.373136	8.5382645
1389193450	6.50652314076	0	0	47.3714675	8.53867783333
1389193480	6.54098326308	0	0	47.3707181667	8.53892316667
1389193509	6.54098326308	0	0	47.3700556667	8.53923433333
1389183557	8.30612813164	0	0	47.3798893333	8.53755166667
1389183587	8.30612813164	0	0	47.3805801667	8.53707566667
1389183617	8.1065585068	0	0	47.3821778333	8.534962
1389183647	8.1065585068	0	0	47.3831485	8.53366633333
1389183677	8.22490005944	0	0	47.3845885	8.53171016667
1389183707	8.22490005944	0	0	47.3845978333	8.53169666667
1389183737	8.10155372758	0	0	47.385377	8.530665
1389183767	8.10155372758	0	0	47.3867456667	8.52879816667
1389183797	8.11358751606	0	0	47.3871645	8.52821066667
1389183827	8.11358751606	0	0	47.388453	8.526129
1389183857	8.07447770352	0	0	47.3894035	8.52459766667
1389183887	8.07447770352	0	0	47.3901531667	8.52353816667
1389184548	8.16655374878	0	0	47.4037653333	8.48639216667
1389184578	8.17576141412	0	0	47.4049695	8.48313766667
1389184608	8.17576141412	0	0	47.4054386667	8.48162016667
1389184638	8.12972308741	0	0	47.405447	8.48157916667
1389184668	8.12972308741	0	0	47.4054486667	8.48158316667
1389184699	8.06833865181	0	0	47.4054638333	8.4815885
1389184728	8.06833865181	0	0	47.4054605	8.48160183333
1389184758	8.11437697851	0	0	47.4056886667	8.481148
1389184788	8.11437697851	0	0	47.4051333333	8.48196316667
1389184819	8.19110752302	0	0	47.4039088333	8.48576016667
1389184849	8.19110752302	0	0	47.4036746667	8.48655683333
1389184879	8.11437697851	0	0	47.4030028333	8.49057716667
1389184909	8.11437697851	0	0	47.4026791667	8.49202083333
1389184938	8.28011495465	0	0	47.4024173333	8.49344016667
1389184969	8.28011495465	0	0	47.4021293333	8.4962245
1389184999	8.163484527	0	0	47.4021485	8.496721
1389185029	8.163484527	0	0	47.4020615	8.49910016667
1389185058	8.09289242605	0	0	47.4018811667	8.499708
1389185088	8.09289242605	0	0	47.4010528333	8.50179916667
1389185118	8.05299254291	0	0	47.399803	8.504606
1389185148	8.05299254291	0	0	47.3994636667	8.5051725
1389185178	8.07447709537	0	0	47.397945	8.5069515
1389185208	8.07447709537	0	0	47.3976085	8.50770516667
1389185238	8.15120763988	0	0	47.3965478333	8.510997
1389185268	8.15120763988	0	0	47.3963546667	8.512994
1389185303	8.15120763988	0	0	47.395959	8.5155725
1389185328	8.25863040219	0	0	47.3953358333	8.5188755
1389185358	8.25863040219	0	0	47.3951993333	8.51922883333
1389185388	8.24635351506	0	0	47.3935798333	8.52185916667
1389185418	8.24635351506	0	0	47.3925501667	8.52353966667
1389185449	8.15427686166	0	0	47.3925398333	8.52357183333
1389186139	7.70003203817	0	0	47.3770411667	8.54087833333
1389186169	7.64478604613	0	0	47.376778	8.539762
1389186199	7.64478604613	0	0	47.3764251667	8.53955116667
1389186229	7.6018169412	0	0	47.3761381667	8.53949616667
1389186259	7.6018169412	0	0	47.3752121667	8.53893966667
1389186288	7.53122484026	0	0	47.3736001667	8.53830033333
1389186318	7.53122484026	0	0	47.3731523333	8.5382815
1389186348	7.54657094916	0	0	47.3719238333	8.53838916667
1389186378	7.54657094916	0	0	47.3704183333	8.538895
1389186408	7.70617048173	0	0	47.3699148333	8.53873533333
1389186438	7.70617048173	0	0	47.3696056667	8.53841033333
1389186468	7.9609158895	0	0	47.3681813333	8.536161
1389186499	7.9609158895	0	0	47.3677866667	8.5351095
1389186528	7.97012355484	0	0	47.3674801667	8.53413416667
1389186558	7.97012355484	0	0	47.3662956667	8.53278583333
1389186588	7.85042390541	0	0	47.3655766667	8.53195366667
1389186618	7.85042390541	0	0	47.3646163333	8.53044966667
1389186648	8.037646434	0	0	47.3645268333	8.53025483333
1389186678	8.037646434	0	0	47.3629825	8.52737466667
1389186708	8.14199997453	0	0	47.3616855	8.526013
1389186738	8.14199997453	0	0	47.36109	8.5250855
1389186768	7.98240044196	0	0	47.3603268333	8.5238205
1389186798	7.98240044196	0	0	47.3598833333	8.522779
1389186828	7.90260067567	0	0	47.3598471667	8.522699
1389186858	7.90260067567	0	0	47.358473	8.52184416667
1389186888	7.88725456677	0	0	47.3577576667	8.5208045
1389186918	7.88725456677	0	0	47.3578911667	8.52056
1389186948	7.85042390541	0	0	47.3587235	8.51755933333
1389186979	7.85042390541	0	0	47.3587993333	8.51711183333
1389187008	7.89249345863	0	0	47.3580623333	8.51490466667
1389187039	7.89249345863	0	0	47.3567518333	8.513981
1389187068	8.09289180561	0	0	47.3551105	8.51317466667
1389187099	8.09289180561	0	0	47.3532098333	8.51135433333
1389187129	8.16177873739	0	0	47.353031	8.51071983333
1389187159	8.16177873739	0	0	47.3524003333	8.50750466667
1389187189	8.14612261653	0	0	47.3520973333	8.5073585
1389187219	8.14612261653	0	0	47.3520956667	8.50735066667
1389187249	8.13672894402	0	0	47.35211	8.50734766667
1389187279	8.13672894402	0	0	47.35211	8.50735083333
1389187309	8.02400487384	0	0	47.3521045	8.50736
1389187339	8.02400487384	0	0	47.3520903333	8.50735133333
1389187369	7.79223060823	0	0	47.3520961667	8.50735533333
1389187399	7.79223060823	0	0	47.3520961667	8.50735016667
1389187434	7.48556061516	0	0	47.352093	8.5073445
1389187459	7.48556061516	0	0	47.3520898333	8.507348
1389187489	7.48556061516	0	0	47.3520643333	8.507329
1389187519	7.4056986378	0	0	47.3520898333	8.507345
1389187549	7.4056986378	0	0	47.3521023333	8.5073525
1389187579	7.41712115103	0	0	47.3520811667	8.50785233333
1389187609	7.41712115103	0	0	47.3527148333	8.50923183333
1389187639	7.50792196882	0	0	47.3531416667	8.51130283333
1389187669	7.50792196882	0	0	47.3531766667	8.51131966667
1389187699	7.76348029638	0	0	47.3542735	8.51279366667
1389187729	7.76348029638	0	0	47.356491	8.51389666667
1389187759	7.88487050197	0	0	47.3568833333	8.51407666667
1389187789	7.88487050197	0	0	47.3586105	8.51586166667
1389187819	7.92067447617	0	0	47.3586591667	8.51748483333
1389187849	7.92067447617	0	0	47.3583486667	8.51876166667
1389187879	7.87996856194	0	0	47.3577736667	8.52054816667
1389187909	7.87996856194	0	0	47.3578095	8.52178516667
1389187939	7.88936223445	0	0	47.3595991667	8.52255116667
1389187969	7.88936223445	0	0	47.3597916667	8.522675
1389187999	7.66078286992	0	0	47.3606315	8.52423733333
1389188029	7.66078286992	0	0	47.3618136667	8.5262025
1389188059	7.61102460654	0	0	47.3623565	8.526869
1389188089	7.61102460654	0	0	47.3634883333	8.52784733333
1389188119	7.73686269954	0	0	47.3645471667	8.53042783333
1389188149	7.73686269954	0	0	47.3647523333	8.5308485
1389188179	7.92101600635	0	0	47.3660988333	8.5325985
1389188209	7.92101600635	0	0	47.3666913333	8.53323683333
1389188239	7.76448569556	0	0	47.3677126667	8.5351355
1389188269	7.76448569556	0	0	47.3679476667	8.53588083333
1389188299	7.95477744594	0	0	47.3684473333	8.53712733333
1389188329	7.95477744594	0	0	47.36933	8.53851866667
1389188359	8.01616188154	0	0	47.3697056667	8.5388445
1389188449	7.89397087641	0	0	47.3718161667	8.53853783333
1389188449	7.89397087641	0	0	47.3718161667	8.53853783333
1389188479	7.95413981878	0	0	47.3730293333	8.5383455
1389188509	7.95413981878	0	0	47.373093	8.5383485
1389188569	7.99926652556	0	0	47.3760895	8.53949766667
1389188599	7.96316516013	0	0	47.3761841667	8.539448
1389188629	7.96316516013	0	0	47.3767308333	8.53979516667
1389188659	7.81875969845	0	0	47.3770441667	8.5410705
1389188689	7.81875969845	0	0	47.3771815	8.5416385
1389188719	7.71647249642	0	0	47.3778626667	8.541728
1389188749	7.71647249642	0	0	47.3778695	8.54174283333
1389188779	7.62330149366	0	0	47.3778715	8.54174833333
1389188809	7.62330149366	0	0	47.3784918333	8.541282
1389188839	7.57507548185	0	0	47.3790903333	8.5387125
1389188869	7.57507548185	0	0	47.3798538333	8.53754466667
1389188900	7.5711247234	0	0	47.379881	8.5375445
1389188929	7.5711247234	0	0	47.3808443333	8.5366965
1389188959	7.53596566931	0	0	47.3821933333	8.53497066667
1389188989	7.53596566931	0	0	47.382831	8.53397983333
1389189020	7.5557786145	0	0	47.3842761667	8.53196716667
1389189049	7.5557786145	0	0	47.3845793333	8.531729
1389189079	7.46370196109	0	0	47.3846155	8.53170333333
1389189109	7.46370196109	0	0	47.3857845	8.53011333333
1389189140	7.44221740863	0	0	47.3867226667	8.52884633333
1389189169	7.44221740863	0	0	47.387561	8.52756783333
1389189199	7.51280950957	0	0	47.3884816667	8.52610533333
1389189229	7.51280950957	0	0	47.3894106667	8.52457733333
1389189259	7.64478604613	0	0	47.3901478333	8.52355483333
1389189920	8.35070705559	0	0	47.4027423333	8.49199483333
1389189950	8.35684549915	0	0	47.4034115	8.48843033333
1389189980	8.35684549915	0	0	47.4037593333	8.4863775
1389190010	8.24319056586	0	0	47.4046371667	8.48410116667
1389190040	8.24319056586	0	0	47.4052115	8.48180816667
1389190070	8.29955260095	0	0	47.4054626667	8.48160483333
1389190100	8.29955260095	0	0	47.4054896667	8.4816085
1389190130	8.5594442072	0	0	47.4054865	8.481617
1389190160	8.5594442072	0	0	47.4055755	8.481531
1389190190	8.64842156828	0	0	47.4053078333	8.48132
1389190220	8.64842156828	0	0	47.4045075	8.48432383333
1389190250	8.56883787971	0	0	47.4037098333	8.48635466667
1389190280	8.56883787971	0	0	47.4033086667	8.488824
1389190310	8.25884668671	0	0	47.4026985	8.4919555
1389190340	8.25884668671	0	0	47.4024248333	8.49345433333
1389190370	8.27763403174	0	0	47.4021558333	8.49640866667
1389190400	8.27763403174	0	0	47.402186	8.49683233333
1389190430	8.19622220328	0	0	47.4021006667	8.4990065
1389190460	8.19622220328	0	0	47.4019451667	8.4996815
1389190490	8.30894627346	0	0	47.4013963333	8.501102
1389190520	8.30894627346	0	0	47.3998936667	8.504447
1389190550	8.63921390294	0	0	47.399664	8.5049295
1389190580	8.63921390294	0	0	47.3980263333	8.50681033333
1389190610	9.11801250067	0	0	47.3975996667	8.50761233333
1389190640	9.11801250067	0	0	47.3965118333	8.51110666667
1389190670	9.58453421127	0	0	47.3963426667	8.512971
1389190700	9.58453421127	0	0	47.3960876667	8.51511966667
1389190730	9.4249346787	0	0	47.3954365	8.51868883333
1389190760	9.4249346787	0	0	47.3953078333	8.5190585
1389190760	9.4249346787	0	0	47.3953078333	8.5190585
1389190790	8.87554398002	0	0	47.3941198333	8.521115
1389190820	8.87554398002	0	0	47.3926658333	8.52322516667
1389190850	8.3660531645	0	0	47.3925576667	8.52356833333
1389190880	8.3660531645	0	0	47.3919998333	8.52379266667
1389191510	7.54657094916	0	0	47.3770228333	8.54012916667
1389191540	7.54657094916	0	0	47.3761923333	8.53945383333
1389191571	7.53122484026	0	0	47.376115	8.53947316667
1389191601	7.53122484026	0	0	47.3757668333	8.539323
1389191631	7.61409382832	0	0	47.3744143333	8.53858083333
1389191662	7.61409382832	0	0	47.3730995	8.53825716667
1389191691	7.72248939066	0	0	47.3729193333	8.53825583333
1389191721	7.72248939066	0	0	47.3709058333	8.5387995
1389191751	7.93308068895	0	0	47.3706256667	8.53887533333
1389191782	7.93308068895	0	0	47.3701071667	8.53913883333
1389191816	8.12261285741	0	0	47.369785	8.53887166667
1389191841	8.12261285741	0	0	47.3694585	8.538488
1389191871	8.12261285741	0	0	47.368214	8.53654816667
1389191901	8.11358751606	0	0	47.367785	8.53521883333
1389191931	8.11358751606	0	0	47.36771	8.53483133333
1389191961	7.87892864082	0	0	47.3665005	8.5330015
1389191991	7.87892864082	0	0	47.366225	8.5327255
1389192021	7.71045560218	0	0	47.3649916667	8.53123833333
1389192051	7.71045560218	0	0	47.3646203333	8.53050716667
1389192082	7.67736268388	0	0	47.3642425	8.529402
1389192111	7.67736268388	0	0	47.3623443333	8.52685833333
1389192142	7.72549783777	0	0	47.361059	8.52513733333
1389192172	7.72549783777	0	0	47.3603638333	8.5239605
1389192201	7.62922752998	0	0	47.3598108333	8.52271833333
1389192232	7.62922752998	0	0	47.358904	8.52191433333
1389192262	7.53897411643	0	0	47.3576046667	8.521262
1389192292	7.53897411643	0	0	47.3578006667	8.5206255
1389192322	7.46677138559	0	0	47.358022	8.52018383333
1389192351	7.46677138559	0	0	47.3586826667	8.51758466667
1389192381	7.44270380864	0	0	47.3588041667	8.5170415
1389192412	7.44270380864	0	0	47.3579513333	8.51472783333
1389192442	7.43969536152	0	0	47.3567605	8.51396583333
1389192472	7.43969536152	0	0	47.3556056667	8.51340566667
1389192502	7.44895918655	0	0	47.3533418333	8.511643
1389192531	7.44895918655	0	0	47.3531493333	8.511216
1389192562	7.47255019355	0	0	47.3525206667	8.5079775
1389192592	7.47255019355	0	0	47.3520995	8.50735933333
1389192622	7.57281197332	0	0	47.3521011667	8.50734666667
1389192651	7.57281197332	0	0	47.3521013333	8.50735483333
1389192712	7.54627209044	0	0	47.352088	8.50736166667
1389192771	7.61114735971	0	0	47.3520813333	8.50734916667
1389192802	7.67742441818	0	0	47.352086	8.50736183333
1389192832	7.67742441818	0	0	47.3520848333	8.50736066667
1389192862	7.75835797641	0	0	47.3520795	8.50735466667
1389192891	7.75835797641	0	0	47.3520896667	8.50734716667
1389192921	7.73812458685	0	0	47.352092	8.50735166667
1389192952	7.73812458685	0	0	47.3520791667	8.50734116667
1389192982	7.81905814507	0	0	47.3523431667	8.50782033333
1389193012	7.81905814507	0	0	47.3528558333	8.50998883333
1389193071	8.05896833552	0	0	47.3532011667	8.51138633333
1389193101	8.13701140952	0	0	47.3549165	8.51311916667
1389193132	8.13701140952	0	0	47.356705	8.514015
1389193162	8.17458770441	0	0	47.3571461667	8.51421166667
1389193191	8.17458770441	0	0	47.358742	8.516064
1389193222	7.98381574574	0	0	47.3586776667	8.51746966667
1389193252	7.98381574574	0	0	47.3583118333	8.519007
1389193282	7.73234361841	0	0	47.357814	8.52053533333
1389193312	7.73234361841	0	0	47.3577586667	8.521749
1389193342	7.61383376529	0	0	47.3595865	8.5225215
1389193372	7.61383376529	0	0	47.3597801667	8.52273216667
1389193401	7.45774761729	0	0	47.3605241667	8.52423366667
1389193431	7.45774761729	0	0	47.3616031667	8.52601366667
1389193492	7.41947042779	0	0	47.3638271667	8.52831366667
1389193522	7.39704744862	0	0	47.3645411667	8.53045966667
1389183567	8.45193397414	0	0	47.3605325	8.52414583333
1389183596	8.37029393776	0	0	47.3614783333	8.52581866667
1389183626	8.37029393776	0	0	47.3622038333	8.52664983333
1389183657	8.66964073782	0	0	47.3623116667	8.526896
1389183688	8.66964073782	0	0	47.3639911667	8.52862033333
1389183718	8.8873475015	0	0	47.3645555	8.53052233333
1389183746	8.8873475015	0	0	47.3647648333	8.53094566667
1389183776	8.66964073782	0	0	47.3659661667	8.53244116667
1389183806	8.66964073782	0	0	47.3662568333	8.53286283333
1389183836	8.39750728322	0	0	47.3673996667	8.53413283333
1389183866	8.39750728322	0	0	47.367956	8.53592516667
1389183896	8.57911040466	0	0	47.3682488333	8.53679466667
1389183926	8.57911040466	0	0	47.3693163333	8.53830733333
1389183956	8.55243591953	0	0	47.3697381667	8.538829
1389183986	8.55243591953	0	0	47.3698411667	8.53906216667
1389184016	8.65913386004	0	0	47.3709678333	8.53888166667
1389184046	8.65913386004	0	0	47.3723315	8.53840533333
1389184076	8.79250628568	0	0	47.3730375	8.53827633333
1389184106	8.79250628568	0	0	47.373092	8.53820633333
1389184136	8.76583180055	0	0	47.374292	8.53862916667
1389184166	8.76583180055	0	0	47.3758103333	8.539313
1389184196	8.65913386004	0	0	47.3760948333	8.53937566667
1389184226	8.65913386004	0	0	47.3765845	8.53973633333
1389184256	8.49908694927	0	0	47.3769931667	8.54049133333
1389184286	8.49908694927	0	0	47.3770031667	8.540678
1389184316	8.25901658312	0	0	47.377035	8.5411125
1389184346	8.25901658312	0	0	47.3774303333	8.54173166667
1389184376	8.09896967236	0	0	47.3774373333	8.54172433333
1389184406	8.09896967236	0	0	47.3774541667	8.54173
1389184436	8.0709471377	0	0	47.3779888333	8.54168183333
1389184466	8.0709471377	0	0	47.3785003333	8.54125583333
1389184496	8.09896967236	0	0	47.3790345	8.53883566667
1389184526	8.09896967236	0	0	47.3797786667	8.537489
1389184556	8.12564415748	0	0	47.3798686667	8.53756383333
1389184589	8.12564415748	0	0	47.380672	8.5369785
1389184616	8.20566761287	0	0	47.3821618333	8.53503233333
1389184647	8.20566761287	0	0	47.3824361667	8.53468733333
1389184676	8.232342098	0	0	47.3843965	8.53196066667
1389184707	8.232342098	0	0	47.384554	8.53173083333
1389184737	8.207013865	0	0	47.3845723333	8.531715
1389184767	8.207013865	0	0	47.3857626667	8.53012266667
1389184797	8.01652044678	0	0	47.386741	8.528812
1389184827	8.01652044678	0	0	47.387351	8.52787433333
1389184862	8.12537382862	0	0	47.3883811667	8.52626166667
1389184887	8.12537382862	0	0	47.3887505	8.5256145
1389184917	8.12537382862	0	0	47.3901233333	8.52354583333
1389184947	8.12537382862	0	0	47.3901043333	8.52355383333
1389184977	8.12537382862	0	0	47.3901346667	8.523561
1389185007	8.26144055592	0	0	47.3903228333	8.5232905
1389185667	8.29112684167	0	0	47.403607	8.48703016667
1389185697	8.29112684167	0	0	47.4038613333	8.48596133333
1389185727	8.23560065869	0	0	47.4050013333	8.48264033333
1389185757	8.23560065869	0	0	47.4054435	8.48161833333
1389185787	8.2078375672	0	0	47.4054513333	8.4815855
1389185817	8.2078375672	0	0	47.4053173333	8.48115183333
1389185847	8.26336375018	0	0	47.4047778333	8.48362033333
1389185877	8.26336375018	0	0	47.4037141667	8.486333
1389185907	8.2078375672	0	0	47.4035085	8.48735616667
1389185937	8.2078375672	0	0	47.4027051667	8.49179916667
1389185967	8.18007447571	0	0	47.4025775	8.49240983333
1389185997	8.18007447571	0	0	47.4021221667	8.49547866667
1389186027	8.18007447571	0	0	47.4021393333	8.49643283333
1389186057	8.18007447571	0	0	47.4020198333	8.49817983333
1389186087	8.15231138421	0	0	47.4018985	8.49964616667
1389186117	8.15231138421	0	0	47.4014943333	8.500805
1389186147	8.2078375672	0	0	47.3999548333	8.50431733333
1389186177	8.2078375672	0	0	47.3996766667	8.504912
1389186207	8.26336375018	0	0	47.39814	8.506595
1389186237	8.26336375018	0	0	47.3973981667	8.508019
1389186267	8.34665302466	0	0	47.3964033333	8.51224766667
1389186297	8.34665302466	0	0	47.3963215	8.51325983333
1389186327	8.37441611615	0	0	47.395668	8.51648016667
1389186357	8.37441611615	0	0	47.3952788333	8.5189705
1389186387	8.28865390138	0	0	47.3950535	8.51948316667
1389186417	8.28865390138	0	0	47.3932785	8.52225166667
1389186447	8.23560065869	0	0	47.3925446667	8.52349666667
1389186477	8.23560065869	0	0	47.3922458333	8.52388166667
1389187137	7.93020665228	0	0	47.3761153333	8.53955833333
1389187167	7.93020665228	0	0	47.3754281667	8.539181
1389187197	7.93020665228	0	0	47.3735863333	8.53833966667
1389187227	7.93020665228	0	0	47.3731025	8.538372
1389187257	8.01349592675	0	0	47.3725045	8.53835866667
1389187287	8.01349592675	0	0	47.3709963333	8.53878066667
1389187317	8.18007447571	0	0	47.3699843333	8.53894583333
1389187347	8.18007447571	0	0	47.3698356667	8.53886933333
1389187377	8.29112684167	0	0	47.3693096667	8.53828466667
1389187408	8.29112684167	0	0	47.3680511667	8.535943
1389187437	8.31888993317	0	0	47.3678113333	8.53525133333
1389187468	8.31888993317	0	0	47.3677668333	8.53521833333
1389187498	8.06902210974	0	0	47.3667351667	8.53339166667
1389187527	8.06902210974	0	0	47.3663143333	8.5328745
1389187557	8.04125901824	0	0	47.3651448333	8.53151683333
1389187588	8.04125901824	0	0	47.3646168333	8.5305485
1389187618	8.12454829272	0	0	47.3639916667	8.52857733333
1389187648	8.12454829272	0	0	47.3620533333	8.52655566667
1389187678	8.23560065869	0	0	47.3611031667	8.52516166667
1389187708	8.23560065869	0	0	47.3605415	8.52425583333
1389187738	8.15231138421	0	0	47.359857	8.52276983333
1389187768	8.15231138421	0	0	47.3597725	8.52272383333
1389187798	8.09678520123	0	0	47.3579705	8.52182216667
1389187828	8.09678520123	0	0	47.3577476667	8.52061816667
1389187858	8.04125901824	0	0	47.3580268333	8.519997
1389187888	8.04125901824	0	0	47.3586423333	8.51753216667
1389187918	8.06902210974	0	0	47.3587221667	8.51734616667
1389187948	8.06902210974	0	0	47.358182	8.51509483333
1389187978	8.2078375672	0	0	47.3567555	8.51395966667
1389188008	8.2078375672	0	0	47.3557451667	8.51345983333
1389188038	8.18007447571	0	0	47.3532446667	8.51143616667
1389188068	8.18007447571	0	0	47.3531453333	8.51113583333
1389188098	8.40217920764	0	0	47.3524565	8.50769066667
1389188128	8.40217920764	0	0	47.3521031667	8.5073475
1389188158	7.98573283526	0	0	47.3520993333	8.5073385
1389188188	7.98573283526	0	0	47.3520938333	8.50732433333
1389188218	7.74438699218	0	0	47.3521086667	8.5073345
1389188248	7.74438699218	0	0	47.3521133333	8.50731083333
1389188278	7.70810192034	0	0	47.3521281667	8.5073385
1389188308	7.70810192034	0	0	47.35212	8.5073405
1389188338	7.68033882884	0	0	47.352146	8.50734483333
1389188368	7.68033882884	0	0	47.3521323333	8.50735716667
1389188398	7.62481264586	0	0	47.3521225	8.507376
1389188428	7.62481264586	0	0	47.3521258333	8.5073555
1389188458	7.65257573735	0	0	47.3523071667	8.50780683333
1389188488	7.65257573735	0	0	47.3527928333	8.50966883333
1389188518	7.81915428631	0	0	47.3531735	8.511309
1389188548	7.81915428631	0	0	47.3531943333	8.51131916667
1389188578	7.87468046929	0	0	47.3531941667	8.51133633333
1389188608	7.87468046929	0	0	47.3544936667	8.51291583333
1389188638	7.87468046929	0	0	47.3565258333	8.51392
1389188668	7.87468046929	0	0	47.3567193333	8.51400866667
1389188698	7.93020665228	0	0	47.35822	8.51522016667
1389188728	7.93020665228	0	0	47.3588153333	8.51687483333
1389188758	8.06902210974	0	0	47.3587256667	8.5175465
1389188788	8.06902210974	0	0	47.357927	8.52034766667
1389188818	7.98930710132	0	0	47.3576055	8.5210005
1389188848	7.98930710132	0	0	47.3586138333	8.5218825
1389188878	7.98930710132	0	0	47.3597398333	8.52265616667
1389188908	7.98930710132	0	0	47.3600891667	8.52326683333
1389188938	7.85324037402	0	0	47.3614463333	8.52579416667
1389188968	7.85324037402	0	0	47.3619166667	8.52638416667
1389188998	7.77160033764	0	0	47.3624611667	8.526845
1389189028	7.77160033764	0	0	47.3641555	8.529094
1389189063	7.88045371948	0	0	47.3645411667	8.53050433333
1389189088	7.88045371948	0	0	47.3647078333	8.53083483333
1389189119	7.88045371948	0	0	47.3656618333	8.53209516667
1389189149	7.88045371948	0	0	47.3665061667	8.53281883333
1389189178	7.88045371948	0	0	47.3675266667	8.53418733333
1389189209	7.77160033764	0	0	47.368049	8.535802
1389189239	7.77160033764	0	0	47.3684481667	8.53688433333
1389189269	7.71717364672	0	0	47.3693343333	8.53843366667
1389189299	7.71717364672	0	0	47.369741	8.53883833333
1389189330	7.71717364672	0	0	47.3699946667	8.53917083333
1389189358	7.71717364672	0	0	47.3715673333	8.538589
1389189388	7.68996030126	0	0	47.3730685	8.53831433333
1389189418	7.68996030126	0	0	47.3732781667	8.53833766667
1389189449	7.77160033764	0	0	47.3743761667	8.53859133333
1389189478	7.77160033764	0	0	47.376061	8.539447
1389189509	7.68996030126	0	0	47.3763006667	8.5395725
1389189539	7.68996030126	0	0	47.3770501667	8.54017883333
1389189569	7.60832026489	0	0	47.3770313333	8.54111933333
1389189599	7.60832026489	0	0	47.3770075	8.54110666667
1389189630	7.60832026489	0	0	47.377422	8.54175416667
1389189659	7.60832026489	0	0	47.3774243333	8.5417665
1389189689	7.71717364672	0	0	47.3778638333	8.5417835
1389189719	7.71717364672	0	0	47.378327	8.54155516667
1389189749	7.63553361034	0	0	47.3788621667	8.5395065
1389189778	7.63553361034	0	0	47.3796256667	8.53749583333
1389189809	7.6627469558	0	0	47.3798793333	8.53756316667
1389189839	7.6627469558	0	0	47.3804993333	8.53723966667
1389189870	7.6627469558	0	0	47.382187	8.53496916667
1389189899	7.6627469558	0	0	47.3829135	8.53387633333
1389189930	7.6627469558	0	0	47.3845543333	8.53170916667
1389189959	7.6627469558	0	0	47.3845858333	8.53169283333
1389189989	7.63553361034	0	0	47.3860111667	8.52978983333
1389190019	7.63553361034	0	0	47.386755	8.52881783333
1389190050	7.63553361034	0	0	47.3877346667	8.52731733333
1389190079	7.63553361034	0	0	47.388478	8.52608516667
1389190110	7.74438699218	0	0	47.3895701667	8.5243565
1389190139	7.74438699218	0	0	47.3901623333	8.52352433333
1389190170	7.9348804104	0	0	47.3902585	8.52329433333
1389190830	8.26336375018	0	0	47.4037563333	8.4863565
1389190860	8.26336375018	0	0	47.4049875	8.48293283333
1389190889	8.18007447571	0	0	47.4053871667	8.48167566667
1389190951	8.18007447571	0	0	47.405489	8.481566
1389190980	8.18007447571	0	0	47.4054586667	8.48160533333
1389191010	8.59652084809	0	0	47.4054493333	8.48160183333
1389191040	8.59652084809	0	0	47.4054558333	8.48159266667
1389191069	8.59652084809	0	0	47.4056885	8.48116283333
1389191099	8.59652084809	0	0	47.4051483333	8.48181283333
1389191134	8.59652084809	0	0	47.4041126667	8.485229
1389191159	8.59652084809	0	0	47.4037081667	8.48634666667
1389191189	8.59652084809	0	0	47.403243	8.48938433333
1389191219	8.40217920764	0	0	47.4027078333	8.4918875
1389191249	8.40217920764	0	0	47.4025903333	8.49245066667
1389191279	8.26336375018	0	0	47.402138	8.49552233333
1389191309	8.26336375018	0	0	47.4021558333	8.496461
1389191339	8.48546848212	0	0	47.40205	8.4981365
1389191369	8.48546848212	0	0	47.401924	8.49965433333
1389191399	8.40217920764	0	0	47.4017278333	8.50032583333
1389191429	8.40217920764	0	0	47.4001741667	8.50393066667
1389191459	8.37441611615	0	0	47.3997596667	8.50480316667
1389191489	8.37441611615	0	0	47.3984285	8.50607283333
1389191519	8.54099466511	0	0	47.3976143333	8.50758133333
1389191549	8.54099466511	0	0	47.396615	8.51043016667
1389191579	8.73533630555	0	0	47.3963718333	8.512972
1389191609	8.73533630555	0	0	47.3961405	8.51506216667
1389191639	8.70757321406	0	0	47.3954758333	8.5186175
1389191669	8.70757321406	0	0	47.395293	8.51924916667
1389191699	8.54099466511	0	0	47.3935006667	8.52207066667
1389191729	8.54099466511	0	0	47.392593	8.52354583333
1389191759	8.12454829272	0	0	47.3922715	8.52399833333
1389192389	7.68996030126	0	0	47.3774553333	8.54170616667
1389192419	7.90766706494	0	0	47.3770551667	8.54103266667
1389192449	7.90766706494	0	0	47.3767993333	8.53979616667
1389192479	7.60832026489	0	0	47.3761696667	8.53953066667
1389192509	7.60832026489	0	0	47.3761686667	8.53955533333
1389192539	7.55389357397	0	0	47.3761605	8.5395335
1389192570	7.55389357397	0	0	47.3761301667	8.539585
1389192599	7.47225353759	0	0	47.3749771667	8.5389755
1389192630	7.47225353759	0	0	47.3732748333	8.53836683333
1389192660	7.55389357397	0	0	47.3731725	8.53834583333
1389192690	7.55389357397	0	0	47.3716176667	8.538643
1389192720	7.5654799698	0	0	47.3701748333	8.53919416667
1389192750	7.5654799698	0	0	47.3698101667	8.538949
1389192780	7.52668022851	0	0	47.3696605	8.53872533333
1389192810	7.52668022851	0	0	47.3686355	8.53751483333
1389192840	7.48545651442	0	0	47.3678436667	8.53563416667
1389192870	7.48545651442	0	0	47.3677491667	8.53519133333
1389192901	7.48545651442	0	0	47.3665111667	8.5331975
1389192930	7.48545651442	0	0	47.3663368333	8.53299533333
1389192960	7.45878202929	0	0	47.365085	8.53159583333
1389192990	7.45878202929	0	0	47.3646423333	8.53058716667
1389193020	7.48545651442	0	0	47.3643461667	8.52967116667
1389193050	7.48545651442	0	0	47.3625118333	8.527012
1389193080	7.48545651442	0	0	47.3610988333	8.52517766667
1389193110	7.48545651442	0	0	47.3604341667	8.524027
1389193141	7.45878202929	0	0	47.3598471667	8.52280133333
1389193170	7.45878202929	0	0	47.3596885	8.5226985
1389193200	7.43210754416	0	0	47.357944	8.52194033333
1389193230	7.43210754416	0	0	47.3577471667	8.52074616667
1389193260	7.43210754416	0	0	47.358168	8.51960816667
1389193290	7.43210754416	0	0	47.358654	8.51763066667
1389193320	7.43210754416	0	0	47.3588961667	8.51667433333
1389193350	7.43210754416	0	0	47.3574583333	8.51436016667
1389193380	7.43210754416	0	0	47.3567581667	8.51400666667
1389193410	7.5654799698	0	0	47.35443	8.51284166667
1389193440	7.5654799698	0	0	47.353215	8.51135166667
1389193470	7.83222482108	0	0	47.352808	8.509527
1389193500	7.83222482108	0	0	47.3521666667	8.50734933333
1389193530	8.15152723824	0	0	47.352121	8.50738566667
